0.00999993
0.00999986
0.00999979
0.00999972
0.00999965
0.00999958
0.00999951
0.00999944
0.00999937
0.0099993
0.00999922
0.00999915
0.00999908
0.00999901
0.00999894
0.00999887
0.0099988
0.00999873
0.00999866
0.00999859
0.00999852
0.00999845
0.00999838
0.00999831
0.00999824
0.00999817
0.0099981
0.00999803
0.00999796
0.00999789
0.00999782
0.00999775
0.00999768
0.0099976
0.00999753
0.00999746
0.00999739
0.00999732
0.00999725
0.00999718
0.00999711
0.00999704
0.00999697
0.0099969
0.00999683
0.00999676
0.00999669
0.00999662
0.00999655
0.00999648
0.00999641
0.00999634
0.00999627
0.0099962
0.00999613
0.00999606
0.00999599
0.00999592
0.00999585
0.00999577
0.0099957
0.00999563
0.00999556
0.00999549
0.00999542
0.00999535
0.00999528
0.00999521
0.00999514
0.00999507
0.009995
0.00999493
0.00999486
0.00999479
0.00999472
0.00999465
0.00999458
0.00999451
0.00999444
0.00999437
0.0099943
0.00999423
0.00999416
0.00999409
0.00999402
0.00999395
0.00999388
0.00999381
0.00999374
0.00999367
0.0099936
0.00999353
0.00999345
0.00999338
0.00999331
0.00999324
0.00999317
0.0099931
0.00999303
0.00999296
0.00999289
0.00999282
0.00999275
0.00999268
0.00999261
0.00999254
0.00999247
0.0099924
0.00999233
0.00999226
0.00999219
0.00999212
0.00999205
0.00999198
0.00999191
0.00999184
0.00999177
0.0099917
0.00999163
0.00999156
0.00999149
0.00999142
0.00999135
0.00999128
0.00999121
0.00999114
0.00999107
0.009991
0.00999093
0.00999086
0.00999079
0.00999072
0.00999065
0.00999058
0.00999051
0.00999044
0.00999037
0.0099903
0.00999023
0.00999016
0.00999009
0.00999001
0.00998994
0.00998987
0.0099898
0.00998973
0.00998966
0.00998959
0.00998952
0.00998945
0.00998938
0.00998931
0.00998924
0.00998917
0.0099891
0.00998903
0.00998896
0.00998889
0.00998882
0.00998875
0.00998868
0.00998861
0.00998854
0.00998847
0.0099884
0.00998833
0.00998826
0.00998819
0.00998812
0.00998805
0.00998798
0.00998791
0.00998784
0.00998777
0.0099877
0.00998763
0.00998756
0.00998749
0.00998742
0.00998735
0.00998728
0.00998721
0.00998714
0.00998707
0.009987
0.00998693
0.00998686
0.00998679
0.00998672
0.00998665
0.00998658
0.00998651
0.00998644
0.00998637
0.0099863
0.00998623
0.00998616
0.00998609
0.00998602
0.00998595
0.00998588
0.00998581
0.00998574
0.00998567
0.0099856
0.00998553
0.00998546
0.00998539
0.00998532
0.00998525
0.00998518
0.00998511
0.00998504
0.00998497
0.0099849
0.00998483
0.00998476
0.00998469
0.00998462
0.00998455
0.00998448
0.00998441
0.00998434
0.00998427
0.0099842
0.00998413
0.00998406
0.00998399
0.00998392
0.00998385
0.00998378
0.00998371
0.00998364
0.00998357
0.0099835
0.00998343
0.00998336
0.00998329
0.00998322
0.00998315
0.00998308
0.00998301
0.00998294
0.00998287
0.0099828
0.00998273
0.00998266
0.00998259
0.00998252
0.00998245
0.00998238
0.00998231
0.00998224
0.00998217
0.0099821
0.00998203
0.00998196
0.0099819
0.00998183
0.00998176
0.00998169
0.00998162
0.00998155
0.00998148
0.00998141
0.00998134
0.00998127
0.0099812
0.00998113
0.00998106
0.00998099
0.00998092
0.00998085
0.00998078
0.00998071
0.00998064
0.00998057
0.0099805
0.00998043
0.00998036
0.00998029
0.00998022
0.00998015
0.00998008
0.00998001
0.00997994
0.00997987
0.0099798
0.00997973
0.00997966
0.00997959
0.00997952
0.00997945
0.00997938
0.00997931
0.00997924
0.00997917
0.0099791
0.00997903
0.00997896
0.00997889
0.00997882
0.00997875
0.00997868
0.00997861
0.00997854
0.00997848
0.00997841
0.00997834
0.00997827
0.0099782
0.00997813
0.00997806
0.00997799
0.00997792
0.00997785
0.00997778
0.00997771
0.00997764
0.00997757
0.0099775
0.00997743
0.00997736
0.00997729
0.00997722
0.00997715
0.00997708
0.00997701
0.00997694
0.00997687
0.0099768
0.00997673
0.00997666
0.00997659
0.00997652
0.00997645
0.00997638
0.00997631
0.00997624
0.00997618
0.00997611
0.00997604
0.00997597
0.0099759
0.00997583
0.00997576
0.00997569
0.00997562
0.00997555
0.00997548
0.00997541
0.00997534
0.00997527
0.0099752
0.00997513
0.00997506
0.00997499
0.00997492
0.00997485
0.00997478
0.00997471
0.00997464
0.00997457
0.0099745
0.00997443
0.00997436
0.0099743
0.00997423
0.00997416
0.00997409
0.00997402
0.00997395
0.00997388
0.00997381
0.00997374
0.00997367
0.0099736
0.00997353
0.00997346
0.00997339
0.00997332
0.00997325
0.00997318
0.00997311
0.00997304
0.00997297
0.0099729
0.00997283
0.00997276
0.0099727
0.00997263
0.00997256
0.00997249
0.00997242
0.00997235
0.00997228
0.00997221
0.00997214
0.00997207
0.009972
0.00997193
0.00997186
0.00997179
0.00997172
0.00997165
0.00997158
0.00997151
0.00997144
0.00997137
0.00997131
0.00997124
0.00997117
0.0099711
0.00997103
0.00997096
0.00997089
0.00997082
0.00997075
0.00997068
0.00997061
0.00997054
0.00997047
0.0099704
0.00997033
0.00997026
0.00997019
0.00997012
0.00997005
0.00996999
0.00996992
0.00996985
0.00996978
0.00996971
0.00996964
0.00996957
0.0099695
0.00996943
0.00996936
0.00996929
0.00996922
0.00996915
0.00996908
0.00996901
0.00996894
0.00996887
0.00996881
0.00996874
0.00996867
0.0099686
0.00996853
0.00996846
0.00996839
0.00996832
0.00996825
0.00996818
0.00996811
0.00996804
0.00996797
0.0099679
0.00996783
0.00996776
0.0099677
0.00996763
0.00996756
0.00996749
0.00996742
0.00996735
0.00996728
0.00996721
0.00996714
0.00996707
0.009967
0.00996693
0.00996686
0.00996679
0.00996672
0.00996666
0.00996659
0.00996652
0.00996645
0.00996638
0.00996631
0.00996624
0.00996617
0.0099661
0.00996603
0.00996596
0.00996589
0.00996582
0.00996575
0.00996568
0.00996562
0.00996555
0.00996548
0.00996541
0.00996534
0.00996527
0.0099652
0.00996513
0.00996506
0.00996499
0.00996492
0.00996485
0.00996478
0.00996472
0.00996465
0.00996458
0.00996451
0.00996444
0.00996437
0.0099643
0.00996423
0.00996416
0.00996409
0.00996402
0.00996395
0.00996388
0.00996382
0.00996375
0.00996368
0.00996361
0.00996354
0.00996347
0.0099634
0.00996333
0.00996326
0.00996319
0.00996312
0.00996305
0.00996298
0.00996292
0.00996285
0.00996278
0.00996271
0.00996264
0.00996257
0.0099625
0.00996243
0.00996236
0.00996229
0.00996222
0.00996215
0.00996209
0.00996202
0.00996195
0.00996188
0.00996181
0.00996174
0.00996167
0.0099616
0.00996153
0.00996146
0.00996139
0.00996132
0.00996126
0.00996119
0.00996112
0.00996105
0.00996098
0.00996091
0.00996084
0.00996077
0.0099607
0.00996063
0.00996056
0.0099605
0.00996043
0.00996036
0.00996029
0.00996022
0.00996015
0.00996008
0.00996001
0.00995994
0.00995987
0.0099598
0.00995974
0.00995967
0.0099596
0.00995953
0.00995946
0.00995939
0.00995932
0.00995925
0.00995918
0.00995911
0.00995904
0.00995898
0.00995891
0.00995884
0.00995877
0.0099587
0.00995863
0.00995856
0.00995849
0.00995842
0.00995835
0.00995829
0.00995822
0.00995815
0.00995808
0.00995801
0.00995794
0.00995787
0.0099578
0.00995773
0.00995766
0.00995759
0.00995753
0.00995746
0.00995739
0.00995732
0.00995725
0.00995718
0.00995711
0.00995704
0.00995697
0.00995691
0.00995684
0.00995677
0.0099567
0.00995663
0.00995656
0.00995649
0.00995642
0.00995635
0.00995628
0.00995622
0.00995615
0.00995608
0.00995601
0.00995594
0.00995587
0.0099558
0.00995573
0.00995566
0.00995559
0.00995553
0.00995546
0.00995539
0.00995532
0.00995525
0.00995518
0.00995511
0.00995504
0.00995497
0.00995491
0.00995484
0.00995477
0.0099547
0.00995463
0.00995456
0.00995449
0.00995442
0.00995435
0.00995429
0.00995422
0.00995415
0.00995408
0.00995401
0.00995394
0.00995387
0.0099538
0.00995373
0.00995367
0.0099536
0.00995353
0.00995346
0.00995339
0.00995332
0.00995325
0.00995318
0.00995311
0.00995305
0.00995298
0.00995291
0.00995284
0.00995277
0.0099527
0.00995263
0.00995256
0.0099525
0.00995243
0.00995236
0.00995229
0.00995222
0.00995215
0.00995208
0.00995201
