14036,	669.9314410686493,	87.5,	125.0,	243.125,	600
28771,	691.5046546459198,	100.0,	100.0,	275.0,	675
43772,	709.6459691524506,	162.5,	250.0,	279.375,	675
59339,	728.6059622764587,	287.5,	375.0,	263.75,	675
74887,	746.41410779953,	150.0,	175.0,	308.125,	675
89694,	760.7362735271454,	200.0,	200.0,	321.25,	625
104181,	776.3105313777924,	150.0,	200.0,	322.5,	625
119090,	790.5867733955383,	325.0,	575.0,	311.25,	1200
135196,	806.299117565155,	287.5,	500.0,	351.875,	625
150984,	821.6522550582886,	100.0,	125.0,	339.375,	700
167111,	835.8481822013855,	550.0,	575.0,	368.125,	650
182810,	849.7870621681213,	300.0,	525.0,	338.75,	600
198582,	864.5058569908142,	575.0,	600.0,	405.0,	800
215324,	879.2852602005005,	500.0,	575.0,	393.125,	1125
231239,	892.5176084041595,	312.5,	575.0,	413.75,	700
246903,	905.9683837890625,	325.0,	575.0,	385.625,	675
263271,	919.9670808315277,	462.5,	575.0,	380.625,	650
279505,	934.0922842025757,	412.5,	575.0,	400.625,	1125
295256,	948.2667365074158,	300.0,	525.0,	381.25,	1100
310952,	961.5468897819519,	425.0,	600.0,	360.0,	1050
328114,	977.0475556850433,	537.5,	550.0,	396.25,	800
345648,	992.2527761459351,	562.5,	575.0,	451.875,	700
363542,	1007.6483743190765,	600.0,	600.0,	440.0,	650
380942,	1022.3065378665924,	537.5,	575.0,	425.625,	700
398282,	1036.9627358913422,	562.5,	575.0,	411.25,	650
415287,	1052.2334561347961,	600.0,	650.0,	400.0,	675
432623,	1067.0910761356354,	600.0,	625.0,	455.0,	675
450595,	1082.2999296188354,	575.0,	600.0,	518.125,	1225
467657,	1097.0743889808655,	550.0,	550.0,	447.5,	700
483982,	1111.9105625152588,	625.0,	650.0,	488.125,	675
500513,	1125.930835723877,	625.0,	650.0,	493.75,	700
517689,	1139.898901939392,	625.0,	625.0,	543.125,	675
534760,	1155.0127398967743,	600.0,	625.0,	532.5,	775
551820,	1170.515853881836,	600.0,	600.0,	456.875,	700
567623,	1183.5574793815613,	637.5,	650.0,	529.375,	675
584736,	1198.5421500205994,	637.5,	650.0,	472.5,	1250
600718,	1211.9250783920288,	675.0,	725.0,	436.875,	1225
616801,	1225.1519305706024,	600.0,	600.0,	509.375,	1150
633082,	1239.1405441761017,	687.5,	700.0,	533.75,	725
649974,	1253.3639035224915,	675.0,	675.0,	516.25,	750
666933,	1268.238380432129,	612.5,	625.0,	556.875,	725
683873,	1282.3865048885345,	712.5,	725.0,	580.625,	1225
700921,	1296.589540719986,	700.0,	725.0,	621.25,	1275
717247,	1310.7749090194702,	725.0,	725.0,	556.25,	775
734307,	1324.9822306632996,	725.0,	725.0,	563.125,	725
750980,	1338.557077884674,	662.5,	675.0,	576.875,	725
767837,	1352.6675012111664,	700.0,	700.0,	624.375,	750
784071,	1365.8586037158966,	725.0,	725.0,	622.5,	750
801153,	1380.7661004066467,	687.5,	700.0,	590.625,	750
817642,	1394.4579727649689,	687.5,	700.0,	544.375,	725
834807,	1408.9237802028656,	712.5,	725.0,	617.5,	750
850881,	1422.765822172165,	725.0,	725.0,	563.125,	750
867448,	1436.4314939975739,	700.0,	725.0,	618.75,	750
884262,	1449.9786403179169,	687.5,	700.0,	615.625,	750
900114,	1463.1447999477386,	700.0,	725.0,	587.5,	825
916959,	1477.047666311264,	725.0,	725.0,	617.5,	1150
933729,	1492.7096247673035,	725.0,	725.0,	572.5,	725
950285,	1507.635490655899,	712.5,	725.0,	636.875,	775
967153,	1521.879956960678,	750.0,	750.0,	636.25,	1275
984252,	1536.948614358902,	675.0,	675.0,	602.5,	775
1000994,	1551.6685154438019,	700.0,	700.0,	566.25,	750
1018354,	1565.946016550064,	700.0,	700.0,	600.0,	1150
1034993,	1580.1417336463928,	725.0,	750.0,	616.875,	725
1051758,	1594.736158132553,	687.5,	700.0,	583.125,	750
1068306,	1608.356288433075,	687.5,	700.0,	600.625,	775
1085268,	1623.5906393527985,	687.5,	700.0,	600.625,	1050
1101523,	1637.3385665416718,	700.0,	700.0,	588.125,	775
1119519,	1652.9661965370178,	700.0,	700.0,	628.125,	775
1135790,	1665.9961128234863,	700.0,	700.0,	612.5,	750
1152566,	1680.4538333415985,	725.0,	725.0,	611.875,	1250
1169385,	1693.9724917411804,	675.0,	675.0,	625.0,	750
1185304,	1706.819106578827,	650.0,	650.0,	632.5,	750
1201507,	1720.1706023216248,	675.0,	675.0,	630.0,	725
1218292,	1734.0453400611877,	650.0,	650.0,	633.75,	1250
1234792,	1747.835559129715,	662.5,	675.0,	631.875,	750
1250979,	1760.841394662857,	650.0,	650.0,	596.875,	750
1267495,	1775.1689929962158,	675.0,	700.0,	630.625,	725
1283732,	1788.6663370132446,	662.5,	675.0,	641.25,	750
1300411,	1802.757129907608,	675.0,	675.0,	675.0,	1225
1316829,	1816.2846620082855,	675.0,	675.0,	595.0,	725
1333786,	1830.804000377655,	725.0,	725.0,	636.25,	1200
1350573,	1844.1943769454956,	750.0,	750.0,	634.375,	775
1367299,	1857.912767648697,	700.0,	700.0,	606.25,	1100
1384513,	1871.8758640289307,	725.0,	750.0,	645.625,	725
1401879,	1886.9427206516266,	687.5,	700.0,	670.0,	775
1418847,	1900.6953523159027,	725.0,	750.0,	648.125,	1175
1436127,	1914.2580833435059,	737.5,	750.0,	656.25,	725
1453309,	1927.9682722091675,	725.0,	725.0,	644.375,	750
1469977,	1941.164121389389,	712.5,	725.0,	660.625,	750
1486703,	1954.6932759284973,	737.5,	750.0,	623.125,	750
1504263,	1968.9994373321533,	737.5,	750.0,	676.875,	1250
1520466,	1981.9292583465576,	725.0,	725.0,	608.75,	750
1536880,	1995.0391397476196,	725.0,	725.0,	592.5,	750
1554051,	2008.840030670166,	725.0,	725.0,	628.125,	1275
1571915,	2023.74769282341,	725.0,	725.0,	616.25,	1250
1588855,	2037.305671453476,	725.0,	725.0,	715.625,	1275
1605847,	2050.9428334236145,	725.0,	725.0,	622.5,	1225
1623402,	2065.4175498485565,	725.0,	725.0,	681.25,	1225
1640749,	2079.449613571167,	725.0,	725.0,	641.875,	775
1657605,	2093.0390870571136,	712.5,	725.0,	643.125,	1175
1674578,	2106.9375624656677,	750.0,	750.0,	638.125,	1275
1691524,	2121.0856041908264,	750.0,	750.0,	615.0,	750
1708711,	2135.6176464557648,	687.5,	725.0,	544.375,	750
1725716,	2149.5742206573486,	687.5,	725.0,	538.125,	775
1742539,	2163.312480211258,	762.5,	775.0,	534.375,	775
1760257,	2177.5367097854614,	725.0,	725.0,	671.875,	1175
1777292,	2192.0207948684692,	712.5,	725.0,	584.375,	1200
1794143,	2205.6575536727905,	700.0,	700.0,	556.25,	750
1811113,	2219.335780143738,	700.0,	725.0,	638.75,	1250
1829207,	2235.695642232895,	687.5,	725.0,	580.625,	1250
1846773,	2250.514102458954,	687.5,	725.0,	629.375,	725
1864105,	2264.36922621727,	687.5,	725.0,	575.625,	950
1881755,	2278.2694730758667,	725.0,	725.0,	625.625,	1225
1899958,	2292.923392057419,	675.0,	675.0,	636.25,	1200
1917904,	2307.003520011902,	712.5,	725.0,	603.125,	1200
1935254,	2321.04812002182,	762.5,	775.0,	590.0,	1175
1952561,	2335.274082183838,	725.0,	725.0,	570.0,	1275
1970474,	2349.7512929439545,	737.5,	750.0,	600.625,	1200
1988713,	2365.155518054962,	700.0,	725.0,	627.5,	1150
2006794,	2380.347494840622,	700.0,	700.0,	645.625,	1200
2025249,	2395.9335458278656,	650.0,	650.0,	650.625,	1200
2042966,	2410.0317285060883,	650.0,	650.0,	658.125,	1125
2060838,	2425.0162403583527,	650.0,	650.0,	616.875,	1200
2079986,	2440.72536444664,	675.0,	700.0,	656.875,	1275
2097817,	2454.688413619995,	662.5,	675.0,	608.75,	1150
2115806,	2468.5814497470856,	725.0,	725.0,	577.5,	1250
2134012,	2484.2151839733124,	725.0,	725.0,	628.125,	1225
2151866,	2498.313059091568,	687.5,	725.0,	607.5,	750
2170587,	2514.8754427433014,	650.0,	650.0,	651.25,	1250
2188479,	2529.0729026794434,	700.0,	700.0,	643.125,	1250
2207215,	2544.111951112747,	712.5,	725.0,	658.125,	1275
2225099,	2559.442065000534,	725.0,	725.0,	622.5,	1175
2243344,	2574.796136856079,	712.5,	725.0,	647.5,	1200
2262158,	2591.283266544342,	700.0,	700.0,	581.875,	1200
2280119,	2605.9927949905396,	700.0,	700.0,	631.875,	725
2298507,	2622.178703546524,	675.0,	700.0,	625.0,	775
2316717,	2637.812031030655,	700.0,	700.0,	590.0,	1200
2334359,	2652.0981316566467,	700.0,	700.0,	643.75,	1200
2352435,	2667.4738459587097,	712.5,	725.0,	650.0,	1200
2370312,	2681.5856144428253,	700.0,	700.0,	638.75,	1200
2387387,	2695.6444747447968,	700.0,	700.0,	575.0,	750
2405834,	2712.499352455139,	700.0,	700.0,	588.125,	775
2423881,	2727.2165942192078,	712.5,	725.0,	593.125,	1225
2441733,	2742.6914613246918,	700.0,	700.0,	626.875,	1200
2459472,	2756.8439955711365,	712.5,	725.0,	612.5,	775
2477216,	2771.06715631485,	700.0,	700.0,	657.5,	1225
2495407,	2786.380492925644,	700.0,	700.0,	583.75,	775
2513569,	2801.801830768585,	725.0,	725.0,	600.0,	1225
2531393,	2816.8047325611115,	712.5,	725.0,	607.5,	800
2549175,	2831.4895606040955,	725.0,	725.0,	617.5,	775
2567652,	2846.6341009140015,	725.0,	725.0,	681.25,	1225
2586070,	2862.662868976593,	725.0,	725.0,	619.375,	1225
2604226,	2879.947418451309,	712.5,	725.0,	638.75,	825
2622438,	2894.5520808696747,	725.0,	725.0,	683.125,	1275
2641938,	2910.9950654506683,	700.0,	725.0,	696.875,	1275
2660950,	2926.215310573578,	737.5,	750.0,	664.375,	1225
2680025,	2941.4070661067963,	800.0,	800.0,	668.75,	1325
2699599,	2958.30873131752,	725.0,	725.0,	645.625,	1725
2717776,	2973.2480943202972,	712.5,	725.0,	650.0,	1225
2736318,	2988.415698289871,	725.0,	725.0,	662.5,	1250
2754971,	3004.3297350406647,	725.0,	725.0,	695.0,	1150
2773231,	3019.468601465225,	725.0,	725.0,	695.625,	1225
2792362,	3034.541323900223,	725.0,	725.0,	772.5,	1275
2810651,	3050.114768743515,	725.0,	725.0,	697.5,	775
2828989,	3065.648206472397,	725.0,	725.0,	702.5,	1225
2846522,	3080.281197309494,	737.5,	750.0,	657.5,	1250
2864894,	3095.223496198654,	737.5,	750.0,	702.5,	1225
2883161,	3110.0731778144836,	725.0,	725.0,	678.75,	1250
2902019,	3125.905508518219,	725.0,	725.0,	687.5,	1250
2920045,	3140.627390384674,	750.0,	750.0,	696.875,	1250
2938479,	3155.1757669448853,	725.0,	725.0,	685.0,	775
2956480,	3170.7821485996246,	725.0,	725.0,	642.5,	775
2974122,	3185.8762559890747,	1000.0,	1250.0,	708.75,	1225
2992932,	3202.9878187179565,	737.5,	750.0,	710.0,	1275
3010075,	3218.2090125083923,	750.0,	750.0,	610.0,	775
3028449,	3232.7838757038116,	712.5,	725.0,	703.125,	1275
3047050,	3249.039055585861,	725.0,	725.0,	690.625,	1225
3064555,	3265.2656106948853,	750.0,	750.0,	658.75,	1250
3082527,	3281.110114097595,	675.0,	675.0,	613.125,	1200
3100853,	3296.6952114105225,	737.5,	775.0,	656.875,	1225
3119397,	3312.9546613693237,	737.5,	750.0,	662.5,	1225
3137745,	3330.5811820030212,	700.0,	700.0,	627.5,	1225
3155551,	3346.3219463825226,	700.0,	700.0,	632.5,	1250
3173594,	3360.933617591858,	725.0,	725.0,	665.625,	1275
3192433,	3378.6925547122955,	737.5,	750.0,	676.875,	1200
3210794,	3393.7735233306885,	725.0,	725.0,	654.375,	800
3229030,	3411.8113930225372,	725.0,	725.0,	606.875,	750
3247001,	3428.4898891448975,	725.0,	725.0,	636.25,	1100
3265329,	3444.493276119232,	725.0,	725.0,	667.5,	1250
3283030,	3461.655851125717,	725.0,	725.0,	628.75,	1225
3300117,	3475.858808994293,	700.0,	700.0,	612.5,	800
3318111,	3490.529653787613,	712.5,	725.0,	595.0,	775
3335824,	3506.1540195941925,	725.0,	725.0,	630.0,	775
3353995,	3522.569935798645,	725.0,	725.0,	663.125,	1225
3371751,	3537.534747362137,	712.5,	725.0,	613.75,	775
3389938,	3553.7553725242615,	712.5,	725.0,	683.75,	1200
3408010,	3569.95019030571,	725.0,	750.0,	656.875,	825
3426450,	3588.3597297668457,	737.5,	750.0,	681.25,	1250
3444388,	3603.3674762248993,	725.0,	725.0,	651.25,	775
3461685,	3618.8754823207855,	725.0,	725.0,	663.125,	800
3479241,	3633.97652053833,	725.0,	725.0,	676.25,	1250
3496825,	3648.8808562755585,	712.5,	725.0,	653.75,	775
3514415,	3663.9679951667786,	712.5,	725.0,	600.0,	1225
3532332,	3679.5764939785004,	737.5,	750.0,	646.875,	1300
3549677,	3695.966981649399,	725.0,	750.0,	615.625,	800
3568056,	3711.704933643341,	737.5,	750.0,	632.5,	1225
3584506,	3726.2354810237885,	725.0,	725.0,	541.25,	775
3602832,	3741.1523745059967,	700.0,	700.0,	651.25,	1275
3620382,	3756.8541810512543,	725.0,	725.0,	643.125,	1225
3638467,	3772.3368742465973,	725.0,	725.0,	660.0,	1250
3655450,	3787.538245677948,	550.0,	675.0,	569.375,	900
3673445,	3803.99471616745,	562.5,	725.0,	632.5,	1200
3690891,	3820.659264564514,	562.5,	725.0,	580.625,	775
3708786,	3837.185586452484,	725.0,	725.0,	642.5,	1200
3726125,	3852.029292821884,	750.0,	750.0,	646.875,	775
3743390,	3867.693120956421,	762.5,	775.0,	659.375,	1225
3761141,	3883.530193567276,	737.5,	775.0,	661.25,	775
3779192,	3900.2864916324615,	712.5,	725.0,	665.625,	1175
3795628,	3916.0263242721558,	712.5,	725.0,	589.375,	1150
3812857,	3935.429890871048,	725.0,	725.0,	615.625,	1200
3829961,	3950.907238483429,	700.0,	700.0,	633.125,	775
3847130,	3967.812575340271,	725.0,	725.0,	598.125,	775
3864474,	3996.237777233124,	725.0,	750.0,	617.5,	775
3881366,	4009.9338943958282,	700.0,	700.0,	615.625,	775
3898420,	4026.329184293747,	712.5,	725.0,	643.125,	775
3916194,	4041.055272579193,	737.5,	750.0,	707.5,	1250
3933180,	4055.0900254249573,	700.0,	700.0,	656.875,	1250
3950393,	4070.2237536907196,	737.5,	750.0,	585.0,	1175
3967347,	4083.715703010559,	725.0,	725.0,	607.5,	775
3983992,	4098.20453453064,	775.0,	775.0,	600.0,	1225
4000841,	4111.983801603317,	737.5,	775.0,	570.625,	775
4018463,	4126.620936155319,	712.5,	725.0,	612.5,	1300
4035314,	4140.823815584183,	737.5,	750.0,	591.25,	750
4051974,	4155.077743291855,	712.5,	725.0,	625.625,	1275
4069460,	4170.174210071564,	712.5,	725.0,	679.375,	1250
4086295,	4184.256689071655,	700.0,	700.0,	599.375,	1225
4103371,	4198.424025297165,	725.0,	725.0,	610.625,	775
4120368,	4212.175766706467,	725.0,	725.0,	618.125,	800
4137722,	4227.929287672043,	725.0,	725.0,	660.625,	1325
4154452,	4242.113227367401,	725.0,	750.0,	605.625,	1200
4171777,	4256.107450008392,	725.0,	725.0,	623.75,	800
4189308,	4270.097213983536,	725.0,	750.0,	633.75,	1100
4205871,	4283.71578335762,	712.5,	725.0,	613.75,	775
4224065,	4299.166930913925,	725.0,	750.0,	645.0,	775
4240753,	4314.89102101326,	700.0,	700.0,	564.375,	775
4258042,	4328.863666057587,	737.5,	750.0,	578.125,	750
4275539,	4343.357855319977,	737.5,	750.0,	645.0,	1225
4292958,	4357.846666097641,	687.5,	700.0,	643.125,	1200
4309694,	4372.030658006668,	737.5,	750.0,	624.375,	1225
4326702,	4386.034496307373,	725.0,	750.0,	652.5,	775
4343852,	4400.1861391067505,	725.0,	725.0,	656.25,	1250
4361494,	4415.082702875137,	712.5,	725.0,	700.0,	1275
4379191,	4429.7744817733765,	737.5,	750.0,	675.625,	1275
4396591,	4445.025871753693,	725.0,	725.0,	659.375,	1200
4414357,	4460.272017240524,	725.0,	725.0,	666.25,	1250
4432496,	4475.102961778641,	725.0,	725.0,	686.25,	1250
4449881,	4490.275188446045,	675.0,	675.0,	583.75,	1225
4467715,	4505.553003787994,	712.5,	725.0,	662.5,	1275
4484985,	4520.696481466293,	750.0,	750.0,	635.0,	750
4502066,	4535.8148465156555,	712.5,	725.0,	648.75,	775
4518998,	4550.01056098938,	700.0,	700.0,	647.5,	1225
4536494,	4564.8676834106445,	687.5,	700.0,	658.75,	750
4553976,	4580.057022094727,	675.0,	675.0,	674.375,	1250
4571512,	4594.9915816783905,	725.0,	725.0,	688.75,	1225
4588996,	4610.899544715881,	725.0,	725.0,	669.375,	1175
4606287,	4625.244250535965,	700.0,	725.0,	646.25,	1225
4623361,	4640.759254217148,	750.0,	750.0,	653.75,	1250
4640815,	4655.291153907776,	712.5,	725.0,	644.375,	775
4657940,	4669.932705163956,	725.0,	725.0,	632.5,	775
4675637,	4685.440527915955,	725.0,	725.0,	709.375,	1250
4692995,	4701.121577739716,	712.5,	725.0,	657.5,	1225
4710232,	4715.6357254981995,	712.5,	725.0,	643.75,	775
4728020,	4730.225985765457,	725.0,	725.0,	653.75,	1250
4745878,	4746.312834024429,	750.0,	775.0,	715.625,	1250
4763019,	4760.479090690613,	675.0,	675.0,	676.875,	775
4780741,	4777.409727096558,	737.5,	750.0,	676.25,	1250
4798320,	4793.04572725296,	700.0,	725.0,	703.125,	1275
4815592,	4807.445183038712,	725.0,	775.0,	660.625,	775
4832722,	4823.090578556061,	712.5,	750.0,	654.375,	775
4849924,	4838.315183162689,	750.0,	775.0,	678.75,	775
4867027,	4853.578586816788,	775.0,	775.0,	671.875,	1250
4883936,	4868.917509317398,	737.5,	750.0,	683.125,	1250
4901395,	4883.568192720413,	737.5,	750.0,	636.875,	775
4918725,	4898.906885623932,	737.5,	750.0,	631.875,	1225
4935795,	4913.831588983536,	737.5,	750.0,	686.25,	1225
4953097,	4928.935395479202,	737.5,	750.0,	695.625,	1275
4969426,	4943.125297307968,	750.0,	750.0,	618.75,	750
4986223,	4958.53541302681,	750.0,	750.0,	650.625,	1225
5003765,	4974.20777463913,	725.0,	725.0,	646.25,	1225
5021020,	4991.048449516296,	725.0,	725.0,	619.375,	775
5037702,	5006.255874872208,	750.0,	750.0,	602.5,	775
5054324,	5021.127395629883,	725.0,	750.0,	628.75,	775
5071403,	5037.262974500656,	750.0,	750.0,	637.5,	1225
5088437,	5052.782370328903,	750.0,	750.0,	684.375,	1175
5104948,	5068.839007616043,	750.0,	750.0,	608.75,	1250
5121614,	5086.056707620621,	725.0,	725.0,	590.625,	775
5138062,	5102.392157793045,	725.0,	725.0,	613.125,	775
5154610,	5118.744840145111,	750.0,	750.0,	645.0,	1250
5171434,	5134.6304252147675,	750.0,	750.0,	635.0,	775
5187829,	5150.171991586685,	737.5,	750.0,	635.625,	775
5204524,	5166.852645874023,	737.5,	750.0,	650.0,	775
5221338,	5183.273460388184,	725.0,	750.0,	669.375,	775
5238015,	5199.913301706314,	712.5,	725.0,	640.625,	750
5255213,	5216.407103538513,	725.0,	725.0,	655.0,	775
5271986,	5232.8501126766205,	725.0,	725.0,	586.25,	775
5288528,	5250.100702047348,	737.5,	750.0,	616.875,	800
5304895,	5267.316204071045,	737.5,	750.0,	646.875,	775
5321379,	5283.437228918076,	725.0,	725.0,	651.875,	975
5338001,	5298.692606210709,	750.0,	750.0,	664.375,	1275
5354442,	5314.516143798828,	712.5,	725.0,	645.625,	1250
5371485,	5331.613681316376,	750.0,	750.0,	674.375,	775
5387900,	5347.235603570938,	750.0,	750.0,	643.125,	775
5404288,	5363.9521317481995,	750.0,	750.0,	615.0,	775
5420216,	5379.0551681518555,	737.5,	750.0,	532.5,	775
5436909,	5395.106544017792,	750.0,	750.0,	603.125,	800
5453082,	5410.343436717987,	750.0,	750.0,	629.375,	800
5469625,	5426.50453209877,	750.0,	750.0,	658.75,	775
5486453,	5442.393874883652,	750.0,	750.0,	633.125,	775
5503779,	5459.311449289322,	750.0,	750.0,	656.25,	1250
5521107,	5476.1984605789185,	775.0,	775.0,	664.375,	775
5537679,	5492.085024595261,	750.0,	750.0,	634.375,	775
5554569,	5509.719414949417,	750.0,	750.0,	637.5,	1200
5571180,	5525.216423273087,	775.0,	775.0,	661.875,	775
5587939,	5540.774836540222,	762.5,	775.0,	641.875,	800
5604701,	5557.163946151733,	750.0,	750.0,	705.625,	775
5621471,	5573.5257687568665,	750.0,	750.0,	684.375,	775
5637633,	5590.280407905579,	762.5,	775.0,	653.125,	775
5653907,	5605.846378326416,	750.0,	750.0,	650.0,	800
5671245,	5622.651561737061,	775.0,	775.0,	680.625,	975
5687579,	5638.7165541648865,	775.0,	800.0,	630.625,	775
5704060,	5655.010904073715,	775.0,	775.0,	654.375,	775
5720936,	5670.920359611511,	775.0,	775.0,	666.25,	775
5737369,	5687.775253534317,	762.5,	775.0,	667.5,	775
5754280,	5704.084369659424,	750.0,	750.0,	648.75,	775
5771304,	5720.502042531967,	725.0,	725.0,	666.25,	775
5788789,	5737.435159444809,	725.0,	725.0,	696.25,	1225
5805641,	5754.059805393219,	725.0,	725.0,	677.5,	800
5822368,	5770.979339838028,	700.0,	700.0,	657.5,	800
5839040,	5786.993583202362,	725.0,	725.0,	653.75,	775
5856144,	5803.712788105011,	737.5,	750.0,	652.5,	750
5873085,	5820.857126712799,	725.0,	725.0,	654.375,	800
5889596,	5836.382071256638,	737.5,	750.0,	669.375,	800
5907053,	5853.406843185425,	737.5,	750.0,	671.875,	775
5924212,	5870.893634319305,	750.0,	750.0,	647.5,	800
5941800,	5889.111991643906,	737.5,	750.0,	709.375,	1225
5959333,	5906.2527005672455,	750.0,	750.0,	673.125,	775
5975964,	5924.164790391922,	750.0,	750.0,	650.625,	800
5992966,	5941.357118844986,	750.0,	750.0,	648.125,	1300
6010046,	5958.595280408859,	750.0,	750.0,	654.375,	800
6027696,	5976.584784269333,	750.0,	750.0,	645.625,	800
6044821,	5993.680276155472,	762.5,	775.0,	638.125,	775
6061689,	6010.6327974796295,	750.0,	750.0,	650.0,	775
6078907,	6029.306973218918,	762.5,	775.0,	659.375,	775
6095698,	6046.823743104935,	750.0,	750.0,	676.875,	775
6112800,	6063.930524110794,	750.0,	750.0,	667.5,	775
6129137,	6081.805724143982,	750.0,	750.0,	655.0,	1250
6146124,	6099.475554227829,	725.0,	725.0,	688.125,	775
6163887,	6118.65636920929,	725.0,	725.0,	684.375,	775
6181031,	6139.609076499939,	737.5,	750.0,	675.625,	1175
6198685,	6158.396520376205,	750.0,	750.0,	654.375,	775
6216350,	6175.821937799454,	750.0,	750.0,	687.5,	775
6234504,	6195.197056531906,	775.0,	775.0,	695.0,	775
6251915,	6211.474250793457,	750.0,	750.0,	660.625,	1225
6269994,	6230.389154911041,	762.5,	775.0,	718.75,	1200
6287269,	6248.696665048599,	750.0,	775.0,	673.75,	1200
6303873,	6265.305506706238,	762.5,	775.0,	668.75,	1200
6321539,	6282.743618965149,	650.0,	800.0,	670.625,	1250
6337926,	6298.173755645752,	775.0,	775.0,	627.5,	1200
6354864,	6316.159415245056,	600.0,	775.0,	640.625,	775
6372381,	6334.593067884445,	650.0,	800.0,	678.125,	800
6389347,	6351.551386356354,	762.5,	775.0,	635.0,	775
6406513,	6369.783042430878,	750.0,	775.0,	709.375,	1250
6423729,	6388.23557305336,	762.5,	775.0,	680.0,	800
6440834,	6405.860014200211,	762.5,	775.0,	674.375,	1225
6458171,	6423.384974956512,	775.0,	775.0,	615.625,	1325
6474867,	6441.539311885834,	1000.0,	1225.0,	584.375,	750
6492333,	6458.475752353668,	737.5,	750.0,	707.5,	775
6509853,	6477.231799125671,	750.0,	750.0,	628.125,	775
6527324,	6495.376089334488,	750.0,	775.0,	685.0,	1225
6544182,	6514.27174282074,	762.5,	775.0,	660.625,	775
6562218,	6531.905294418335,	750.0,	750.0,	714.375,	775
6579879,	6549.420073747635,	750.0,	775.0,	685.625,	800
6596637,	6566.934932947159,	750.0,	750.0,	669.375,	775
6614457,	6585.827807664871,	762.5,	775.0,	653.125,	775
6631909,	6603.761692762375,	775.0,	775.0,	668.75,	775
6649599,	6622.033320188522,	762.5,	775.0,	665.625,	775
6667381,	6640.169425010681,	737.5,	750.0,	710.0,	1300
6685137,	6657.983533859253,	750.0,	775.0,	709.375,	800
6702225,	6676.719928741455,	725.0,	725.0,	681.25,	800
6719714,	6695.145664930344,	725.0,	725.0,	644.375,	1225
6736646,	6712.8007781505585,	750.0,	750.0,	678.125,	800
6753029,	6729.9848647117615,	762.5,	775.0,	622.5,	775
6770998,	6747.771076917648,	737.5,	750.0,	685.0,	1225
6788924,	6767.5307359695435,	750.0,	750.0,	693.75,	1200
6806453,	6786.970529794693,	750.0,	750.0,	700.625,	800
6823871,	6805.106528043747,	762.5,	775.0,	720.0,	800
6840808,	6822.978769302368,	737.5,	750.0,	680.0,	775
6857606,	6840.2181968688965,	750.0,	775.0,	656.25,	775
6875176,	6860.229391336441,	725.0,	725.0,	648.75,	775
6892048,	6876.748509883881,	737.5,	750.0,	674.375,	775
6909876,	6895.892448186874,	750.0,	775.0,	701.25,	775
6926876,	6915.349671602249,	762.5,	775.0,	684.375,	775
6943998,	6932.298313140869,	750.0,	750.0,	691.875,	800
6961633,	6950.996397733688,	775.0,	775.0,	674.375,	800
6978185,	6967.128474235535,	775.0,	775.0,	644.375,	1275
6995188,	6984.608356952667,	787.5,	800.0,	670.0,	775
7013002,	7003.450042009354,	762.5,	775.0,	678.75,	800
7030968,	7022.596924304962,	775.0,	775.0,	686.25,	1275
7047870,	7040.144084215164,	787.5,	800.0,	665.0,	1200
7065336,	7057.336095094681,	775.0,	800.0,	755.625,	4050
7082889,	7075.144731521606,	787.5,	800.0,	621.875,	1250
7100893,	7093.854586601257,	662.5,	775.0,	676.25,	1225
7118368,	7113.232739686966,	750.0,	775.0,	642.5,	775
7136107,	7131.448143005371,	762.5,	775.0,	636.25,	800
7153522,	7149.362633466721,	750.0,	775.0,	653.125,	800
7171586,	7169.083992242813,	775.0,	775.0,	699.375,	800
7189125,	7187.941196680069,	775.0,	775.0,	724.375,	3925
7206656,	7206.1041049957275,	762.5,	775.0,	664.375,	775
7224001,	7225.099345207214,	775.0,	775.0,	673.75,	775
7241293,	7242.543583393097,	750.0,	775.0,	718.125,	3975
7258604,	7261.026776075363,	762.5,	775.0,	653.75,	1275
7275354,	7279.571326255798,	775.0,	775.0,	646.25,	1200
7292523,	7300.2564108371735,	787.5,	800.0,	646.25,	775
7309418,	7318.698881626129,	750.0,	750.0,	648.125,	775
7326565,	7345.357431173325,	762.5,	775.0,	576.875,	775
7343442,	7361.818470954895,	775.0,	775.0,	627.5,	775
7360530,	7379.0380165576935,	775.0,	775.0,	648.75,	775
7377571,	7401.171379566193,	775.0,	775.0,	631.875,	800
7394185,	7418.87117099762,	762.5,	775.0,	610.0,	800
7411514,	7447.72559094429,	762.5,	775.0,	653.75,	1250
7428870,	7463.485449075699,	712.5,	750.0,	674.375,	775
7445944,	7478.470181465149,	750.0,	750.0,	643.125,	775
7463365,	7495.361297369003,	712.5,	725.0,	646.25,	775
7480678,	7513.780337333679,	725.0,	725.0,	675.0,	1200
7497583,	7531.289901971817,	737.5,	775.0,	664.375,	1275
7514886,	7549.532195806503,	650.0,	650.0,	690.0,	1275
7531687,	7567.122745275497,	675.0,	700.0,	640.0,	775
7549008,	7585.711292266846,	737.5,	775.0,	676.875,	800
7566147,	7604.373299360275,	612.5,	675.0,	682.5,	1150
7583975,	7622.248129367828,	775.0,	775.0,	672.5,	800
7601049,	7639.948827266693,	625.0,	625.0,	643.75,	800
7618409,	7660.069148540497,	550.0,	550.0,	629.375,	1275
7636562,	7678.425712347031,	775.0,	775.0,	657.5,	800
7653836,	7696.532390117645,	637.5,	750.0,	645.0,	1275
7671439,	7716.297649383545,	750.0,	750.0,	680.625,	1225
7688835,	7735.02333688736,	750.0,	800.0,	668.75,	1225
7706401,	7754.786770105362,	775.0,	775.0,	645.0,	775
7723498,	7774.455595970154,	650.0,	775.0,	638.75,	775
7740868,	7792.777037858963,	762.5,	775.0,	645.0,	775
7758879,	7812.660584449768,	775.0,	775.0,	638.75,	800
7776633,	7831.433726072311,	750.0,	750.0,	698.125,	1225
7794399,	7850.733394622803,	750.0,	750.0,	661.25,	800
7812499,	7870.107629776001,	737.5,	775.0,	668.75,	800
7830019,	7886.614435434341,	762.5,	775.0,	655.625,	800
7847905,	7904.935147285461,	750.0,	750.0,	701.25,	1250
7865398,	7924.346137523651,	762.5,	775.0,	674.375,	775
7883208,	7942.445204496384,	775.0,	775.0,	671.25,	775
7900950,	7962.639983892441,	750.0,	750.0,	676.25,	800
7919674,	7986.980807065964,	750.0,	750.0,	701.25,	1275
7937071,	8005.747773170471,	750.0,	750.0,	681.875,	1200
7954653,	8025.231620311737,	750.0,	775.0,	672.5,	800
7971826,	8044.1803476810455,	750.0,	750.0,	700.0,	775
7989764,	8065.156206846237,	750.0,	750.0,	675.625,	1275
8007090,	8084.44567155838,	725.0,	725.0,	679.375,	1275
8024434,	8103.021674156189,	750.0,	750.0,	673.125,	775
8042470,	8124.413525104523,	762.5,	775.0,	703.75,	800
8060106,	8142.854773283005,	750.0,	750.0,	683.75,	800
8077344,	8160.141944408417,	750.0,	750.0,	647.5,	775
8094915,	8179.6729481220245,	675.0,	675.0,	686.875,	1125
8112864,	8196.289815425873,	750.0,	750.0,	693.125,	800
8130268,	8214.79671382904,	750.0,	750.0,	638.75,	800
8148328,	8234.739441633224,	750.0,	750.0,	695.625,	1225
8166753,	8253.263138532639,	750.0,	750.0,	670.0,	800
8185301,	8271.795297384262,	737.5,	750.0,	777.5,	3925
8202834,	8291.574659109116,	737.5,	750.0,	697.5,	800
8221146,	8312.861944198608,	762.5,	775.0,	668.125,	775
8239320,	8334.010701417923,	750.0,	775.0,	713.125,	1275
8257416,	8353.847461223602,	762.5,	775.0,	678.75,	775
8275979,	8373.951155900955,	787.5,	800.0,	729.375,	1250
8293982,	8395.787927865982,	750.0,	750.0,	667.5,	800
8311659,	8415.613853931427,	737.5,	750.0,	680.0,	1250
8329459,	8434.39745259285,	637.5,	750.0,	676.875,	1275
8347150,	8452.872332811356,	800.0,	800.0,	683.125,	800
8365912,	8473.399378538132,	800.0,	800.0,	720.625,	1275
8384123,	8492.882479906082,	775.0,	775.0,	671.875,	1200
8401880,	8512.862690925598,	775.0,	775.0,	645.0,	800
8420460,	8532.488753080368,	787.5,	800.0,	661.25,	1200
8438964,	8552.721777200699,	787.5,	800.0,	721.875,	1200
8458073,	8575.81213593483,	775.0,	775.0,	713.125,	1250
8476115,	8595.537230491638,	750.0,	775.0,	698.125,	1200
8494374,	8616.646119356155,	762.5,	775.0,	703.75,	1250
8512078,	8638.447301864624,	750.0,	775.0,	653.125,	800
8530333,	8658.619716882706,	737.5,	750.0,	721.25,	1275
8548249,	8679.793052434921,	737.5,	750.0,	671.875,	800
8566324,	8699.633748054504,	750.0,	750.0,	690.0,	775
8584709,	8721.568195343018,	750.0,	750.0,	738.75,	1225
8602601,	8742.140845775604,	800.0,	800.0,	755.0,	4050
8621280,	8762.786561250687,	800.0,	800.0,	693.125,	800
8639130,	8785.240595340729,	787.5,	800.0,	702.5,	800
8656956,	8806.676950216293,	800.0,	800.0,	686.25,	800
8674863,	8827.405944347382,	787.5,	800.0,	692.5,	1300
8692577,	8847.63902592659,	775.0,	800.0,	666.25,	775
8710845,	8867.79987502098,	775.0,	775.0,	798.75,	4075
8729127,	8890.345149040222,	762.5,	775.0,	691.875,	800
8746810,	8909.351567268372,	775.0,	775.0,	689.375,	1250
8765209,	8929.655228853226,	762.5,	775.0,	708.75,	1275
8783834,	8951.05103635788,	750.0,	750.0,	716.25,	1150
8801712,	8972.666078329086,	775.0,	775.0,	693.125,	800
8819253,	8994.141749620438,	775.0,	775.0,	646.25,	1275
8837725,	9016.6231341362,	750.0,	775.0,	697.5,	1250
8856374,	9038.67153596878,	762.5,	775.0,	698.75,	1225
8874825,	9063.334436893463,	775.0,	775.0,	665.625,	775
8893548,	9086.809071063995,	750.0,	775.0,	786.875,	4025
8911813,	9110.481846809387,	762.5,	775.0,	693.125,	1250
8929959,	9131.774309396744,	750.0,	750.0,	667.5,	1225
8948483,	9155.04162979126,	762.5,	775.0,	692.5,	1225
8966254,	9175.776104450226,	775.0,	775.0,	661.875,	1225
8984515,	9195.751398801804,	775.0,	775.0,	690.0,	775
9003330,	9217.195966720581,	775.0,	800.0,	734.375,	1225
9021752,	9240.067893743515,	762.5,	775.0,	721.25,	1200
9039327,	9259.101923942566,	775.0,	775.0,	701.25,	1250
9056266,	9282.738874673843,	775.0,	775.0,	641.25,	775
9074024,	9301.85871386528,	775.0,	775.0,	678.75,	1200
9091340,	9324.817210674286,	750.0,	750.0,	679.375,	1225
9108792,	9348.327841997147,	2362.5,	3975.0,	643.75,	1300
9127132,	9375.43784570694,	762.5,	775.0,	716.875,	1200
9144854,	9401.269222021103,	787.5,	800.0,	720.0,	1225
9162049,	9422.554656267166,	775.0,	775.0,	686.25,	1225
9179626,	9447.373377799988,	775.0,	800.0,	736.875,	1275
9196514,	9469.698812246323,	762.5,	775.0,	661.25,	1250
9214302,	9491.809347867966,	762.5,	775.0,	728.125,	1275
9232547,	9515.191262960434,	775.0,	775.0,	754.375,	4075
9249806,	9536.361463785172,	762.5,	775.0,	676.25,	1275
9268336,	9558.558062553406,	762.5,	775.0,	856.25,	4550
9285791,	9579.139502048492,	762.5,	775.0,	650.625,	1275
9303471,	9600.973935842514,	775.0,	775.0,	701.25,	800
9320684,	9621.370611429214,	762.5,	775.0,	698.75,	1300
9338988,	9643.320208311081,	762.5,	775.0,	725.625,	1275
9357320,	9664.56918501854,	775.0,	775.0,	670.625,	800
9375200,	9687.942237615585,	762.5,	775.0,	696.25,	1225
9393256,	9711.682435512543,	775.0,	775.0,	773.75,	3975
9411352,	9735.627254724503,	775.0,	775.0,	758.75,	4050
9429795,	9758.469524621964,	775.0,	775.0,	660.0,	800
9447673,	9782.020500659943,	775.0,	775.0,	790.0,	4150
9465145,	9805.01507282257,	775.0,	775.0,	665.0,	800
9482815,	9824.481529474258,	775.0,	775.0,	677.5,	1300
9500310,	9848.283072471619,	775.0,	775.0,	760.0,	4050
9517396,	9869.737022161484,	762.5,	775.0,	661.25,	775
9535016,	9892.604278802872,	787.5,	800.0,	635.0,	800
9551974,	9915.453442335129,	750.0,	775.0,	608.75,	800
9569214,	9937.997116088867,	775.0,	775.0,	677.5,	800
9587313,	9959.944149255753,	762.5,	775.0,	705.0,	800
9604189,	9982.857866764069,	775.0,	800.0,	716.875,	4050
9621250,	10002.631685733795,	750.0,	750.0,	668.125,	775
9638222,	10025.55246257782,	700.0,	700.0,	766.25,	3925
9655052,	10047.005072116852,	725.0,	750.0,	660.0,	800
9672658,	10069.590376853943,	775.0,	775.0,	667.5,	800
9690159,	10092.333143949509,	787.5,	800.0,	724.375,	1275
9707081,	10114.010044813156,	787.5,	800.0,	634.375,	1275
9724976,	10135.469079494476,	775.0,	775.0,	696.875,	800
9742725,	10157.78452706337,	762.5,	775.0,	674.375,	800
9760769,	10179.865525722504,	3925.0,	3925.0,	870.0,	4050
9778474,	10201.957643508911,	2350.0,	3925.0,	700.0,	800
9796330,	10223.443398952484,	762.5,	775.0,	693.125,	1200
9814102,	10245.397568702698,	2350.0,	3925.0,	759.375,	4050
9832361,	10268.73192358017,	3950.0,	3950.0,	768.75,	3975
9849942,	10293.864297389984,	3950.0,	3950.0,	780.0,	4425
9867959,	10318.51946735382,	775.0,	800.0,	709.375,	800
9885856,	10341.454724311829,	775.0,	775.0,	673.75,	800
9904260,	10367.368529319763,	750.0,	775.0,	673.125,	800
9921775,	10391.515107870102,	775.0,	775.0,	656.25,	800
9940345,	10415.498659610748,	775.0,	800.0,	711.25,	800
9957868,	10440.73186802864,	787.5,	800.0,	647.5,	800
9975395,	10464.730864524841,	775.0,	800.0,	681.25,	775
9993430,	10488.399359226227,	775.0,	800.0,	711.25,	1300
10011268,	10514.093519926071,	725.0,	725.0,	675.0,	800
10028861,	10537.965715885162,	3950.0,	3950.0,	683.125,	800
10046869,	10566.54086613655,	762.5,	775.0,	733.75,	3950
10065248,	10589.744976997375,	775.0,	775.0,	775.625,	4050
10083118,	10613.868328094482,	2337.5,	3925.0,	671.875,	800
10101401,	10637.980667114258,	762.5,	775.0,	761.875,	4025
10119959,	10664.430614233017,	750.0,	750.0,	771.25,	4050
10138455,	10691.086030960083,	787.5,	800.0,	683.75,	800
10156968,	10719.235585689545,	787.5,	800.0,	792.5,	4050
10175252,	10745.859168767929,	762.5,	775.0,	682.5,	800
10193739,	10774.458981752396,	775.0,	775.0,	666.25,	850
10211704,	10801.886670589447,	775.0,	775.0,	677.5,	800
10230205,	10828.376667261124,	775.0,	775.0,	697.5,	800
10248556,	10855.385507106781,	775.0,	775.0,	683.125,	800
10266252,	10882.409848213196,	775.0,	775.0,	668.75,	800
10285581,	10910.072013616562,	800.0,	800.0,	788.75,	3950
10304443,	10938.584169626236,	787.5,	800.0,	723.75,	800
10323659,	10966.690600395203,	775.0,	775.0,	888.75,	4050
10341691,	10995.80925321579,	787.5,	800.0,	671.25,	800
10359869,	11024.312859296799,	787.5,	800.0,	700.625,	800
10379067,	11055.213467597961,	775.0,	800.0,	885.0,	4100
10396691,	11084.048539876938,	787.5,	800.0,	658.75,	775
10415960,	11115.04947090149,	775.0,	775.0,	698.75,	800
10434806,	11143.36648273468,	787.5,	800.0,	735.0,	800
10453518,	11173.941348075867,	775.0,	775.0,	690.625,	800
10471621,	11203.41036939621,	3925.0,	3925.0,	785.625,	4050
10490337,	11234.174178600311,	787.5,	800.0,	787.5,	4050
10508115,	11266.55373287201,	2387.5,	4000.0,	674.375,	800
10525977,	11294.712646007538,	775.0,	775.0,	771.25,	3925
10544713,	11322.777137756348,	2387.5,	4025.0,	802.5,	4325
10563337,	11351.893054246902,	762.5,	775.0,	716.875,	800
10582293,	11379.35377407074,	750.0,	750.0,	798.75,	3925
10601192,	11409.29468870163,	750.0,	750.0,	725.0,	1225
10619948,	11436.182435274124,	762.5,	775.0,	725.625,	800
10639188,	11464.19678735733,	775.0,	775.0,	793.75,	4100
10658136,	11491.978013277054,	775.0,	775.0,	874.375,	4050
10676440,	11519.553579807281,	800.0,	800.0,	800.0,	4050
10694843,	11547.590119600296,	775.0,	775.0,	855.625,	4050
10713268,	11575.337381601334,	800.0,	800.0,	715.625,	800
10733100,	11606.400004863739,	787.5,	800.0,	836.875,	4225
10751458,	11637.001057624817,	800.0,	800.0,	696.875,	1125
10770682,	11668.354721784592,	750.0,	750.0,	736.875,	800
10789298,	11699.063266277313,	800.0,	800.0,	715.0,	1175
10807962,	11732.020344257355,	800.0,	800.0,	743.75,	1225
10826482,	11765.531974315643,	775.0,	775.0,	718.125,	1300
10844286,	11794.775128364563,	775.0,	775.0,	680.0,	800
10861873,	11828.418247938156,	775.0,	775.0,	670.0,	800
10879944,	11861.666790485382,	775.0,	800.0,	712.5,	1200
10897688,	11893.690724611282,	800.0,	800.0,	699.375,	800
10916293,	11922.514758825302,	762.5,	775.0,	803.125,	4075
10934339,	11951.933326482773,	800.0,	800.0,	704.375,	1275
10953102,	11983.157488822937,	762.5,	800.0,	728.75,	800
10971182,	12017.112603664398,	775.0,	800.0,	809.375,	4100
10989622,	12049.909757375717,	762.5,	775.0,	703.75,	800
11008348,	12082.876769304276,	750.0,	750.0,	808.125,	4125
11026591,	12113.24012351036,	775.0,	775.0,	705.625,	800
11044456,	12144.47246170044,	775.0,	775.0,	728.125,	1250
11062883,	12179.82249212265,	762.5,	775.0,	875.625,	4050
11082250,	12216.129083871841,	775.0,	800.0,	745.0,	1275
11100071,	12244.134855270386,	775.0,	800.0,	654.375,	800
11118587,	12271.70714020729,	775.0,	775.0,	786.25,	4000
11137537,	12305.914891719818,	800.0,	800.0,	702.5,	1300
11156063,	12341.173913002014,	762.5,	775.0,	701.25,	800
11174428,	12371.15660238266,	762.5,	775.0,	774.375,	4100
11193309,	12407.229762554169,	750.0,	750.0,	715.0,	800
11211885,	12443.896756887436,	787.5,	800.0,	855.0,	4150
11229630,	12478.299899339676,	2400.0,	4000.0,	928.125,	4125
11247311,	12512.678136587143,	800.0,	800.0,	722.5,	4000
11264991,	12546.411621570587,	800.0,	800.0,	663.75,	800
11282839,	12582.682034730911,	800.0,	800.0,	658.125,	800
11300176,	12612.417569875717,	787.5,	800.0,	647.5,	800
11318691,	12649.22069811821,	787.5,	800.0,	786.25,	4325
11337381,	12681.526152133942,	775.0,	800.0,	833.75,	4050
11355948,	12709.51165008545,	800.0,	800.0,	787.5,	3950
11374186,	12743.953595638275,	800.0,	800.0,	793.125,	4400
11392645,	12776.528743982315,	787.5,	800.0,	805.625,	4000
11410696,	12809.710407972336,	800.0,	800.0,	655.0,	800
11428638,	12844.143775224686,	2550.0,	4325.0,	665.0,	800
11447796,	12884.07353925705,	750.0,	800.0,	694.375,	1250
11466298,	12917.788401603699,	762.5,	800.0,	683.125,	800
11485457,	12955.382499933243,	775.0,	800.0,	721.25,	1300
11503905,	12988.250040531158,	737.5,	750.0,	675.625,	800
11523026,	13024.374436855316,	750.0,	750.0,	725.625,	1200
11541565,	13060.364223480225,	737.5,	750.0,	695.625,	1300
11560281,	13101.556714773178,	800.0,	800.0,	766.875,	4100
11578213,	13141.178558588028,	775.0,	800.0,	673.125,	1200
11597038,	13170.823359012604,	762.5,	800.0,	723.125,	1250
11615541,	13203.70048713684,	800.0,	800.0,	699.375,	1300
11632958,	13237.06839632988,	762.5,	800.0,	771.25,	3925
11651169,	13274.095967531204,	775.0,	800.0,	691.25,	800
11669533,	13309.577296733856,	800.0,	800.0,	694.375,	800
11687335,	13341.714596509933,	800.0,	800.0,	764.375,	4000
11706546,	13377.076647996902,	775.0,	775.0,	821.25,	4125
11724732,	13411.779028892517,	800.0,	800.0,	781.875,	4050
11743212,	13445.104992389679,	800.0,	800.0,	704.375,	800
11761568,	13483.88559293747,	800.0,	800.0,	790.625,	4550
11779623,	13520.22711801529,	800.0,	800.0,	737.5,	1225
11798476,	13553.919224262238,	800.0,	800.0,	737.5,	1150
11816817,	13587.724947452545,	800.0,	800.0,	698.75,	800
11835217,	13618.240926980972,	800.0,	800.0,	715.625,	1275
11853875,	13653.089089393616,	800.0,	800.0,	739.375,	800
11873092,	13685.994894742966,	800.0,	800.0,	810.0,	4100
11891186,	13716.738273143768,	762.5,	800.0,	694.375,	800
11910555,	13754.184403181076,	800.0,	800.0,	910.0,	4700
11930045,	13787.783934354782,	800.0,	800.0,	817.5,	3925
11949308,	13819.257267951965,	800.0,	800.0,	796.875,	4075
11968634,	13854.124954938889,	800.0,	800.0,	692.5,	1300
11987906,	13888.720851421356,	800.0,	800.0,	817.5,	4125
12007025,	13920.7757127285,	800.0,	800.0,	901.875,	4150
12026277,	13958.663501262665,	800.0,	800.0,	1155.0,	4050
12044961,	13996.523530244827,	800.0,	800.0,	808.125,	4125
12064227,	14037.078972578049,	4050.0,	4050.0,	811.25,	4050
12082055,	14070.718274831772,	800.0,	800.0,	755.0,	4050
12100420,	14105.891199111938,	800.0,	800.0,	953.75,	4050
