5451,	233.15112447738647,	0.0,	0.0,	0.625,	3
12044,	435.4276170730591,	0.5,	1.0,	1.5,	9
18649,	625.5222778320312,	1.0,	2.0,	1.225,	7
6670,	724.4231650829315,	1.0,	1.0,	1.35,	8
24236,	789.5997953414917,	2.5,	4.0,	0.75,	4
13229,	937.1356062889099,	2.0,	4.0,	1.35,	9
29756,	947.1064620018005,	1.5,	3.0,	0.7,	5
36090,	1133.6231861114502,	0.0,	0.0,	1.225,	10
19993,	1163.168743133545,	1.5,	3.0,	1.525,	9
41577,	1288.046300649643,	0.0,	0.0,	0.675,	8
26735,	1383.4498355388641,	0.0,	0.0,	1.45,	7
48636,	1495.9255669116974,	0.0,	0.0,	1.825,	9
34442,	1613.302390575409,	3.0,	4.0,	2.175,	9
54619,	1664.6489663124084,	0.0,	0.0,	1.075,	9
40513,	1800.948077917099,	0.0,	0.0,	1.025,	6
60860,	1840.2445256710052,	0.0,	0.0,	1.125,	10
67380,	2032.2614715099335,	0.5,	1.0,	1.45,	9
48897,	2073.282055616379,	0.5,	1.0,	2.475,	9
73036,	2206.9408345222473,	0.0,	0.0,	0.75,	8
55845,	2272.2900683879852,	1.5,	2.0,	1.6,	4
79511,	2392.566258907318,	0.5,	1.0,	1.375,	9
62249,	2475.727772951126,	1.0,	2.0,	1.275,	9
86250,	2580.2285590171814,	2.0,	2.0,	1.425,	9
68461,	2668.6352393627167,	0.0,	0.0,	1.15,	9
92134,	2745.0802228450775,	2.5,	4.0,	0.875,	9
75043,	2885.5302340984344,	1.5,	2.0,	1.325,	5
98618,	2941.2659776210785,	2.5,	5.0,	1.325,	9
81885,	3095.805065870285,	2.0,	3.0,	1.475,	5
105568,	3139.369389772415,	0.0,	0.0,	1.675,	9
88107,	3294.02818274498,	3.0,	3.0,	1.075,	6
111936,	3308.436713695526,	0.0,	0.0,	1.225,	9
117287,	3485.7198882102966,	6.5,	13.0,	0.525,	4
94983,	3524.456310272217,	1.5,	3.0,	1.625,	9
123448,	3663.0651004314423,	0.0,	0.0,	1.225,	9
101186,	3721.6413762569427,	2.5,	3.0,	1.1,	5
130127,	3873.2338869571686,	4.0,	7.0,	1.425,	9
107872,	3922.9716856479645,	0.0,	0.0,	1.425,	7
136493,	4047.4031026363373,	0.0,	0.0,	1.175,	6
115340,	4146.058866262436,	2.0,	2.0,	1.875,	6
142604,	4223.738068819046,	0.0,	0.0,	1.175,	10
122517,	4369.742682218552,	2.0,	2.0,	1.7,	5
148400,	4384.752964735031,	2.0,	2.0,	0.925,	6
154632,	4550.869975328445,	0.0,	0.0,	1.2,	9
129898,	4606.878994941711,	1.5,	3.0,	1.975,	9
161212,	4744.399785280228,	5.5,	7.0,	1.5,	9
136861,	4833.65673160553,	1.0,	2.0,	1.675,	10
167854,	4946.284938097,	3.5,	7.0,	1.625,	9
144324,	5069.482054948807,	1.0,	2.0,	2.075,	9
173963,	5116.947679042816,	3.5,	7.0,	1.1,	9
151381,	5286.149569988251,	3.5,	5.0,	1.775,	10
180956,	5303.057133436203,	1.0,	2.0,	1.675,	9
157657,	5472.106069087982,	1.5,	3.0,	1.1,	5
187140,	5478.527321815491,	0.0,	0.0,	1.125,	5
163935,	5658.938100337982,	1.5,	3.0,	1.15,	5
193958,	5679.835136175156,	0.0,	0.0,	1.5,	9
170811,	5869.9036021232605,	0.0,	0.0,	1.55,	6
199736,	5848.194568395615,	0.0,	0.0,	0.875,	9
205985,	6026.70644402504,	3.0,	3.0,	1.225,	7
178009,	6070.047144412994,	1.0,	1.0,	1.625,	6
212099,	6205.634195327759,	1.5,	3.0,	1.025,	9
184831,	6288.0534563064575,	4.5,	5.0,	1.525,	6
218871,	6410.547008037567,	0.0,	0.0,	1.575,	9
191996,	6501.017498493195,	4.0,	4.0,	1.9,	10
224569,	6572.668616771698,	0.0,	0.0,	0.825,	8
199191,	6713.538627624512,	3.5,	5.0,	1.725,	9
230561,	6747.192754983902,	5.0,	9.0,	0.95,	5
236284,	6899.787066459656,	0.0,	0.0,	0.8,	4
206409,	6926.315261363983,	4.5,	5.0,	1.775,	7
242883,	7089.340074062347,	2.5,	5.0,	1.45,	9
212748,	7152.530794620514,	5.0,	5.0,	1.125,	6
249398,	7299.677516460419,	1.0,	2.0,	1.325,	9
219990,	7369.267036914825,	4.0,	4.0,	1.75,	8
255710,	7476.394028425217,	1.0,	1.0,	1.25,	9
227113,	7592.022868156433,	5.0,	6.0,	1.775,	8
262159,	7689.069085121155,	0.5,	1.0,	1.225,	7
233749,	7793.894282341003,	5.0,	6.0,	1.4,	7
267272,	7823.45620059967,	0.0,	0.0,	0.4,	4
240716,	8000.835022211075,	4.0,	4.0,	1.725,	9
273390,	7993.834372520447,	0.5,	1.0,	1.1,	9
279576,	8158.72194814682,	2.0,	4.0,	1.15,	5
247308,	8192.353612422943,	1.0,	1.0,	1.3,	5
286407,	8358.028947114944,	0.0,	0.0,	1.6,	9
254705,	8415.649942874908,	4.5,	6.0,	2.0,	10
292568,	8540.895941972733,	0.0,	0.0,	1.175,	10
261792,	8610.867398500443,	3.0,	3.0,	1.75,	7
299046,	8742.625863313675,	2.0,	4.0,	1.4,	9
269549,	8828.339264392853,	3.0,	3.0,	2.1,	9
305009,	8923.958856582642,	0.0,	0.0,	0.9,	7
276429,	9040.367815971375,	4.0,	6.0,	1.575,	9
311180,	9094.572866916656,	0.0,	0.0,	1.225,	9
283346,	9242.593599319458,	4.0,	4.0,	1.675,	12
317749,	9271.737279176712,	2.0,	4.0,	1.475,	7
289837,	9444.675369977951,	6.0,	6.0,	1.225,	5
324282,	9461.205507993698,	2.0,	2.0,	1.275,	6
296448,	9626.954432964325,	2.0,	4.0,	1.35,	4
330237,	9648.527725458145,	2.0,	4.0,	1.0,	10
303856,	9830.787483930588,	4.0,	4.0,	1.975,	9
336196,	9825.167273044586,	0.0,	0.0,	0.975,	9
310618,	10016.234686136246,	0.0,	0.0,	1.55,	8
342593,	10026.823895931244,	2.0,	2.0,	1.4,	11
348262,	10185.846892118454,	1.5,	3.0,	0.75,	5
317913,	10213.056754112244,	2.0,	4.0,	1.75,	5
354506,	10378.63673901558,	2.0,	4.0,	1.275,	13
324750,	10407.073981046677,	0.0,	0.0,	1.475,	10
331683,	10592.18170261383,	0.0,	0.0,	1.575,	6
361749,	10585.50362253189,	0.0,	0.0,	1.85,	10
367346,	10738.38060092926,	0.0,	0.0,	0.725,	4
338964,	10788.168843507767,	2.0,	4.0,	1.825,	5
373357,	10915.173122882843,	1.0,	2.0,	1.025,	6
346437,	10982.081506729126,	0.0,	0.0,	1.925,	7
379415,	11076.848396539688,	0.0,	0.0,	1.0,	7
353378,	11180.748528242111,	0.0,	0.0,	1.675,	9
385578,	11252.679644823074,	2.0,	4.0,	1.1,	5
360850,	11383.381611824036,	0.0,	0.0,	1.875,	7
392138,	11422.574587583542,	0.0,	0.0,	1.375,	7
368154,	11584.267007827759,	0.0,	0.0,	1.925,	9
399184,	11608.57792878151,	4.5,	9.0,	1.825,	9
375579,	11787.003520011902,	2.0,	4.0,	2.0,	8
406114,	11790.16483926773,	0.0,	0.0,	1.65,	13
382013,	11961.318602085114,	0.0,	0.0,	1.2,	4
412223,	11949.559602499008,	2.0,	4.0,	1.025,	5
388688,	12143.972459316254,	2.5,	5.0,	1.375,	5
418142,	12121.638324975967,	4.0,	4.0,	1.0,	8
424876,	12300.72736620903,	0.0,	0.0,	1.5,	8
395839,	12348.067054986954,	0.0,	0.0,	1.75,	9
430807,	12483.82610797882,	2.0,	3.0,	0.875,	7
402423,	12536.255802631378,	2.5,	5.0,	1.325,	6
437238,	12674.965569496155,	0.0,	0.0,	1.325,	10
409615,	12725.308761835098,	2.5,	5.0,	1.725,	6
443218,	12838.38763475418,	2.0,	4.0,	0.95,	7
416314,	12913.144927978516,	4.0,	4.0,	1.5,	7
449189,	13012.162744522095,	0.0,	0.0,	1.05,	9
422913,	13096.471776485443,	0.0,	0.0,	1.4,	5
455179,	13172.197387456894,	0.0,	0.0,	1.025,	6
430395,	13312.748204231262,	0.0,	0.0,	2.075,	9
461161,	13332.5269780159,	0.0,	0.0,	0.925,	4
437427,	13481.166639089584,	0.0,	0.0,	1.625,	5
468123,	13526.121211528778,	0.0,	0.0,	1.65,	9
444351,	13664.52686715126,	0.0,	0.0,	1.575,	5
474608,	13707.555290937424,	0.0,	0.0,	1.35,	10
451830,	13885.150306463242,	4.0,	4.0,	1.95,	11
480912,	13890.06354856491,	2.5,	5.0,	1.225,	9
487117,	14073.864539861679,	0.0,	0.0,	1.15,	7
459444,	14115.411396503448,	0.0,	0.0,	2.175,	11
493036,	14239.504639863968,	0.0,	0.0,	0.95,	4
466216,	14292.284430742264,	2.0,	4.0,	1.425,	7
498923,	14387.673233032227,	0.0,	0.0,	1.0,	9
472940,	14497.94888305664,	2.0,	4.0,	1.45,	9
504853,	14566.42129445076,	2.0,	4.0,	0.95,	9
480575,	14703.89763712883,	2.0,	4.0,	2.125,	7
511846,	14780.705237150192,	0.0,	0.0,	1.85,	9
487836,	14904.718397378922,	3.0,	4.0,	1.925,	9
518048,	14965.755946874619,	2.0,	2.0,	1.175,	11
495308,	15098.677695274353,	0.0,	0.0,	1.975,	8
524119,	15158.107025146484,	1.0,	1.0,	0.975,	6
502644,	15303.05658531189,	3.5,	5.0,	1.775,	4
530152,	15329.161165237427,	1.0,	1.0,	1.025,	5
536410,	15488.577982902527,	0.0,	0.0,	1.1,	6
510347,	15525.50474524498,	0.5,	1.0,	2.2,	10
517111,	15712.566791296005,	1.5,	2.0,	1.475,	7
543283,	15697.44739484787,	0.0,	0.0,	1.675,	9
549375,	15863.434803962708,	1.0,	2.0,	1.075,	9
523713,	15897.909682512283,	2.0,	4.0,	1.425,	8
529977,	16059.13318490982,	3.0,	4.0,	1.225,	5
556345,	16066.875341415405,	0.0,	0.0,	1.6,	10
537076,	16269.614165306091,	3.5,	5.0,	1.775,	7
562620,	16251.276890516281,	0.5,	1.0,	1.2,	9
568222,	16422.59836769104,	0.0,	0.0,	0.775,	5
543933,	16455.868861675262,	2.0,	2.0,	1.525,	7
573803,	16583.03941321373,	3.0,	5.0,	0.675,	6
550830,	16664.252960443497,	3.0,	4.0,	1.675,	15
579754,	16759.934214115143,	3.5,	5.0,	0.975,	5
558222,	16873.865130901337,	0.0,	0.0,	2.025,	11
585762,	16938.590286254883,	3.5,	5.0,	1.0,	4
565456,	17066.203080415726,	1.0,	2.0,	1.8,	6
592249,	17124.67916536331,	5.5,	9.0,	1.275,	9
572671,	17264.56506371498,	0.0,	0.0,	1.75,	5
598428,	17308.95353412628,	5.5,	9.0,	1.3,	9
579918,	17469.16366648674,	1.0,	2.0,	1.9,	9
604136,	17466.396333932877,	0.0,	0.0,	0.825,	4
586038,	17640.82242512703,	0.0,	0.0,	1.125,	6
609815,	17638.460985422134,	0.0,	0.0,	0.8,	9
615895,	17801.36290383339,	2.5,	5.0,	1.025,	5
593012,	17829.686621427536,	2.0,	4.0,	1.575,	5
621796,	17959.916694402695,	1.0,	1.0,	0.925,	5
600055,	18018.28601527214,	0.0,	0.0,	1.7,	11
606647,	18189.95316386223,	1.0,	2.0,	1.425,	9
628775,	18164.092975854874,	0.5,	1.0,	1.55,	6
635072,	18332.25786280632,	1.0,	2.0,	1.175,	6
613908,	18387.290110349655,	1.0,	2.0,	1.7,	5
641776,	18528.686153888702,	1.5,	2.0,	1.4,	9
620427,	18569.229399442673,	1.0,	2.0,	1.375,	7
647419,	18681.688302993774,	0.5,	1.0,	0.75,	4
627405,	18763.300596237183,	1.0,	2.0,	1.7,	9
653645,	18854.767563581467,	1.0,	2.0,	1.1,	6
635067,	18962.499889612198,	0.0,	0.0,	2.075,	11
659495,	19064.33200263977,	5.0,	5.0,	0.85,	4
641458,	19164.852066755295,	1.0,	2.0,	1.25,	11
665278,	19225.297430992126,	1.0,	2.0,	0.85,	4
648158,	19359.543311357498,	1.5,	2.0,	1.425,	9
671846,	19420.558695793152,	3.5,	5.0,	1.375,	9
654615,	19535.002274274826,	0.0,	0.0,	1.45,	9
678384,	19595.31839323044,	0.0,	0.0,	1.5,	9
660749,	19717.09063887596,	1.0,	2.0,	1.075,	5
684821,	19778.290013551712,	2.0,	4.0,	1.325,	9
668038,	19912.064489603043,	0.0,	0.0,	1.95,	9
691238,	19964.52851653099,	3.5,	7.0,	1.225,	8
674014,	20084.077115774155,	1.0,	2.0,	0.975,	7
698245,	20160.60818529129,	1.5,	3.0,	1.65,	7
681195,	20296.81289625168,	2.0,	4.0,	1.775,	9
704060,	20385.384832143784,	8.0,	8.0,	0.925,	8
688484,	20512.32290005684,	1.0,	2.0,	1.85,	7
710076,	20546.671486616135,	1.5,	3.0,	1.0,	5
695652,	20714.300230503082,	0.0,	0.0,	1.825,	10
716624,	20726.944187641144,	0.0,	0.0,	1.35,	9
722087,	20872.68929862976,	0.0,	0.0,	0.625,	4
703584,	20924.682906627655,	0.0,	0.0,	2.175,	9
728214,	21044.60192632675,	0.0,	0.0,	1.05,	8
710394,	21127.352551221848,	3.0,	3.0,	1.45,	8
733797,	21189.26811146736,	0.0,	0.0,	0.7,	4
717631,	21339.214238643646,	0.0,	0.0,	1.875,	9
740006,	21378.273501634598,	0.0,	0.0,	1.175,	7
724338,	21523.814098358154,	2.0,	2.0,	1.525,	9
746124,	21563.750779390335,	0.0,	0.0,	1.1,	7
731081,	21716.707706451416,	1.5,	3.0,	1.525,	13
752844,	21761.29679584503,	0.0,	0.0,	1.625,	9
738440,	21919.142177581787,	1.5,	3.0,	1.8,	5
759548,	21940.844671964645,	1.0,	2.0,	1.5,	5
744745,	22099.54193019867,	0.0,	0.0,	1.15,	7
765691,	22107.34231853485,	1.0,	2.0,	1.125,	7
771656,	22260.421726703644,	0.0,	0.0,	1.025,	7
751611,	22294.773032188416,	1.0,	2.0,	1.5,	6
777376,	22434.200283288956,	0.0,	0.0,	0.85,	8
759117,	22494.713175535202,	1.0,	2.0,	1.975,	8
783301,	22618.457683086395,	0.0,	0.0,	1.0,	8
766180,	22679.03542971611,	0.0,	0.0,	1.575,	5
789876,	22805.93194460869,	1.0,	2.0,	1.35,	5
772424,	22846.85434818268,	0.0,	0.0,	1.125,	5
795862,	22989.52786231041,	0.0,	0.0,	1.025,	9
779423,	23037.782685995102,	0.0,	0.0,	1.575,	6
802233,	23163.586101293564,	0.0,	0.0,	1.225,	5
786027,	23212.427516698837,	1.0,	2.0,	1.4,	7
808605,	23335.17742228508,	0.0,	0.0,	1.275,	9
793121,	23390.948878526688,	0.0,	0.0,	1.65,	5
814734,	23527.001139879227,	0.0,	0.0,	1.075,	9
799959,	23581.617265939713,	1.0,	2.0,	1.6,	9
820776,	23702.81243276596,	0.0,	0.0,	1.15,	13
807038,	23772.812365293503,	2.0,	4.0,	1.675,	6
827222,	23900.363843679428,	0.0,	0.0,	1.2,	5
814123,	23963.339490175247,	2.0,	4.0,	1.7,	4
833409,	24063.29565501213,	0.0,	0.0,	1.075,	4
821380,	24152.748369693756,	0.0,	0.0,	1.825,	9
839585,	24256.192004203796,	5.5,	11.0,	1.175,	11
828305,	24335.965826511383,	0.0,	0.0,	1.5,	5
845831,	24432.365185260773,	0.0,	0.0,	1.125,	7
835581,	24523.48448061943,	0.0,	0.0,	1.8,	11
852404,	24608.526961803436,	0.0,	0.0,	1.35,	6
842195,	24708.040732383728,	0.0,	0.0,	1.375,	4
859487,	24791.912216186523,	0.0,	0.0,	1.675,	9
849192,	24897.448880434036,	0.0,	0.0,	1.7,	7
864334,	24916.966650485992,	0.0,	0.0,	0.225,	2
855857,	25069.960175275803,	0.0,	0.0,	1.4,	5
869970,	25066.675526618958,	0.0,	0.0,	0.75,	5
862910,	25264.054352283478,	1.5,	3.0,	1.6,	7
876103,	25244.07420706749,	2.0,	4.0,	1.1,	7
882446,	25418.154968500137,	0.0,	0.0,	1.125,	6
870038,	25470.887152910233,	0.0,	0.0,	1.75,	8
888589,	25594.928220510483,	1.0,	1.0,	1.1,	9
876168,	25651.60785508156,	1.0,	2.0,	1.075,	5
895040,	25773.380898952484,	4.0,	8.0,	1.3,	7
882880,	25839.572643518448,	0.5,	1.0,	1.425,	7
900938,	25944.380643606186,	0.5,	1.0,	0.95,	4
889558,	26018.17456650734,	0.0,	0.0,	1.425,	4
906754,	26113.8730533123,	0.0,	0.0,	0.875,	7
897200,	26239.255174398422,	1.0,	2.0,	2.15,	11
913360,	26282.759929180145,	0.0,	0.0,	1.375,	5
904428,	26436.802308559418,	2.0,	2.0,	1.925,	9
919420,	26450.216408729553,	0.5,	1.0,	1.225,	12
910744,	26620.064888477325,	0.0,	0.0,	1.275,	11
926084,	26646.32657766342,	2.0,	4.0,	1.575,	12
917136,	26793.823360919952,	1.0,	2.0,	1.225,	6
931959,	26801.711431741714,	0.0,	0.0,	0.9,	5
923613,	26972.579840183258,	0.0,	0.0,	1.25,	4
938949,	27009.953109502792,	0.0,	0.0,	1.85,	12
930471,	27195.400622844696,	1.0,	2.0,	1.55,	10
945703,	27194.946115255356,	0.5,	1.0,	1.575,	9
937027,	27366.065437555313,	0.0,	0.0,	1.35,	5
952028,	27369.604672670364,	0.5,	1.0,	1.275,	9
957696,	27519.088681936264,	0.0,	0.0,	0.775,	4
944454,	27583.84997034073,	2.0,	4.0,	1.85,	6
964148,	27681.681861400604,	0.0,	0.0,	1.325,	7
950937,	27750.417135715485,	0.0,	0.0,	1.275,	5
970247,	27841.946660518646,	0.0,	0.0,	1.0,	5
957709,	27935.713835954666,	0.0,	0.0,	1.525,	7
977094,	28034.273911476135,	0.0,	0.0,	1.375,	5
964510,	28118.555035591125,	0.0,	0.0,	1.475,	7
983151,	28204.83057284355,	0.0,	0.0,	1.025,	5
970744,	28288.1165702343,	2.0,	2.0,	1.125,	6
989389,	28387.30346775055,	2.5,	5.0,	1.175,	8
977929,	28478.73258113861,	0.0,	0.0,	1.8,	5
995896,	28579.212646722794,	0.0,	0.0,	1.375,	9
984823,	28672.45646047592,	0.0,	0.0,	1.55,	7
1002760,	28770.91339826584,	2.0,	4.0,	1.55,	9
991648,	28850.167860269547,	0.0,	0.0,	1.625,	9
1008300,	28929.702929019928,	2.0,	3.0,	0.75,	4
997976,	29008.36409521103,	0.0,	0.0,	1.225,	5
1014327,	29097.367336034775,	0.0,	0.0,	1.0,	5
1004510,	29206.000226974487,	0.0,	0.0,	1.425,	7
1020436,	29266.387227773666,	0.0,	0.0,	1.05,	5
1011186,	29390.75141143799,	1.0,	2.0,	1.425,	10
1027032,	29442.47316980362,	0.0,	0.0,	1.475,	8
1017647,	29572.379821300507,	1.0,	2.0,	1.375,	6
1033487,	29626.66409611702,	0.0,	0.0,	1.275,	5
1023951,	29736.486877441406,	1.0,	2.0,	1.225,	7
1039915,	29799.168063640594,	0.0,	0.0,	1.325,	7
1030637,	29910.6775970459,	0.0,	0.0,	1.5,	8
1045971,	29967.161607980728,	0.0,	0.0,	1.1,	8
1037313,	30092.529341459274,	0.0,	0.0,	1.4,	6
1051970,	30144.09692788124,	3.5,	5.0,	0.95,	5
1044344,	30283.848302602768,	1.0,	2.0,	1.625,	7
1057774,	30314.08196902275,	0.0,	0.0,	0.9,	9
1051194,	30454.09805059433,	1.0,	2.0,	1.475,	7
1064226,	30490.700367689133,	0.0,	0.0,	1.325,	8
1057454,	30627.69401741028,	1.0,	2.0,	1.15,	6
1070132,	30645.680150985718,	0.0,	0.0,	0.9,	7
1064142,	30819.80580353737,	0.5,	1.0,	1.475,	9
1075839,	30826.43576359749,	0.0,	0.0,	0.775,	8
1081854,	30989.161695480347,	0.0,	0.0,	1.075,	7
1071171,	31028.545799016953,	1.0,	2.0,	1.75,	9
1087850,	31162.074382781982,	1.5,	3.0,	1.075,	9
1077509,	31194.669579029083,	2.0,	2.0,	1.2,	4
1083772,	31375.27947306633,	4.5,	6.0,	1.275,	9
1094117,	31355.878721237183,	0.0,	0.0,	1.175,	7
1090635,	31547.377014636993,	2.5,	3.0,	1.6,	6
1100752,	31557.29104757309,	0.0,	0.0,	1.375,	9
1097858,	31745.892823696136,	2.0,	2.0,	1.9,	13
1107177,	31734.49164891243,	1.0,	2.0,	1.25,	9
1113164,	31884.676104068756,	0.0,	0.0,	0.95,	4
1104546,	31921.348546028137,	2.0,	2.0,	1.425,	5
1110538,	32085.6504611969,	2.0,	2.0,	0.975,	4
1120275,	32097.92529630661,	1.0,	2.0,	1.7,	9
1116827,	32255.287879943848,	2.0,	2.0,	1.175,	9
1126481,	32278.27877306938,	1.0,	2.0,	1.1,	5
1123171,	32428.129200220108,	3.0,	3.0,	1.175,	4
1132273,	32441.74020433426,	0.0,	0.0,	0.85,	4
1129067,	32583.12939810753,	2.5,	3.0,	0.925,	3
1138055,	32606.56271672249,	0.5,	1.0,	0.8,	4
1135206,	32750.290410518646,	1.0,	2.0,	1.1,	4
1143932,	32766.146995544434,	0.0,	0.0,	0.85,	5
1141549,	32910.176008462906,	1.0,	2.0,	1.175,	5
1150038,	32932.18113708496,	1.5,	3.0,	1.025,	5
1155596,	33085.77089095116,	0.0,	0.0,	0.675,	4
1148456,	33115.12662100792,	1.0,	2.0,	1.65,	10
1161710,	33246.70798587799,	0.0,	0.0,	1.125,	8
1155715,	33307.905920505524,	0.0,	0.0,	1.775,	8
1167800,	33423.09689283371,	0.0,	0.0,	0.95,	5
1162578,	33503.66400241852,	1.0,	2.0,	1.475,	5
1173470,	33574.576847314835,	1.0,	1.0,	0.875,	4
1169367,	33692.63514780998,	0.0,	0.0,	1.525,	8
1179134,	33748.458985328674,	0.0,	0.0,	0.75,	6
1176045,	33887.994470357895,	5.0,	5.0,	1.375,	7
1184937,	33901.692504644394,	1.5,	3.0,	0.8,	4
1182447,	34043.06682109833,	1.0,	2.0,	1.35,	6
1190942,	34066.84597468376,	1.0,	2.0,	1.0,	5
1188384,	34210.08238315582,	3.5,	7.0,	0.95,	6
1197184,	34253.70252919197,	3.5,	5.0,	1.125,	9
1194577,	34369.2160179615,	0.0,	0.0,	1.05,	4
1203659,	34428.061680316925,	0.5,	1.0,	1.225,	6
1200259,	34533.741225242615,	1.0,	2.0,	0.75,	5
1209646,	34600.29593729973,	1.0,	1.0,	1.075,	7
1206358,	34696.722519397736,	1.0,	2.0,	1.025,	6
1215820,	34774.39651298523,	2.0,	4.0,	1.175,	9
1212768,	34867.19459295273,	1.0,	2.0,	1.25,	9
1221523,	34941.69245958328,	0.0,	0.0,	0.8,	5
1218940,	35029.339049339294,	0.0,	0.0,	1.2,	8
1227515,	35103.87901329994,	0.5,	1.0,	1.0,	9
1224953,	35178.38319063187,	0.0,	0.0,	0.95,	4
1234605,	35310.1327855587,	0.0,	0.0,	1.625,	6
1231260,	35340.7861161232,	1.0,	2.0,	1.25,	8
1241350,	35494.543414354324,	1.0,	2.0,	1.45,	6
1238030,	35528.89580845833,	2.0,	2.0,	1.5,	9
1244052,	35694.74676346779,	1.0,	2.0,	1.025,	5
1248395,	35682.296718120575,	0.0,	0.0,	1.725,	9
1250845,	35866.80181026459,	0.0,	0.0,	1.475,	5
1254400,	35845.45135092735,	2.5,	5.0,	0.95,	4
1256928,	36046.418618917465,	1.0,	2.0,	1.075,	10
1260603,	36023.36415863037,	2.5,	5.0,	1.25,	9
1263511,	36208.245357751846,	0.0,	0.0,	1.3,	5
1266530,	36184.2170522213,	0.0,	0.0,	1.0,	4
1269760,	36369.32081079483,	0.0,	0.0,	1.15,	9
1272683,	36354.367236852646,	0.0,	0.0,	1.05,	6
1276156,	36527.82353878021,	0.0,	0.0,	1.275,	8
1278847,	36528.665350198746,	0.5,	1.0,	1.2,	9
1282436,	36697.71805644035,	1.0,	2.0,	1.1,	7
1284575,	36689.13481473923,	0.0,	0.0,	0.775,	4
1288614,	36859.580968141556,	0.0,	0.0,	1.1,	7
1291376,	36884.540167570114,	2.5,	5.0,	1.6,	9
1295843,	37048.04237771034,	0.0,	0.0,	1.85,	9
1297329,	37049.96315860748,	2.5,	5.0,	0.95,	5
1303404,	37220.18682193756,	2.5,	5.0,	1.0,	6
1302737,	37246.27746987343,	3.0,	3.0,	1.725,	7
1309822,	37406.186787605286,	0.0,	0.0,	1.3,	7
1310008,	37446.55374979973,	0.0,	0.0,	1.925,	10
1315437,	37551.89511704445,	0.0,	0.0,	0.7,	4
1316860,	37626.05864524841,	0.0,	0.0,	1.65,	9
1320622,	37690.32233428955,	0.0,	0.0,	0.45,	4
1323531,	37791.798594236374,	0.0,	0.0,	1.475,	7
1326243,	37854.97750377655,	0.0,	0.0,	0.7,	5
1329654,	37955.815836429596,	1.5,	3.0,	1.1,	9
1332982,	38045.22112202644,	0.0,	0.0,	1.35,	5
1336095,	38128.92523264885,	0.0,	0.0,	1.275,	6
1339044,	38233.97145295143,	1.5,	2.0,	1.125,	14
1342308,	38283.77471113205,	0.0,	0.0,	1.2,	7
1345204,	38425.24329304695,	0.0,	0.0,	1.0,	7
1348904,	38452.050698280334,	0.0,	0.0,	1.375,	9
1356027,	38622.0458946228,	0.0,	0.0,	1.55,	5
1351549,	38598.28722167015,	0.0,	0.0,	1.4,	11
1357582,	38780.72558403015,	2.0,	4.0,	1.025,	9
1362967,	38825.77692961693,	0.0,	0.0,	1.725,	9
1363666,	38935.374629974365,	0.0,	0.0,	1.05,	6
1369265,	38991.90919995308,	0.0,	0.0,	1.125,	5
1369416,	39086.62895655632,	0.0,	0.0,	0.8,	5
1376156,	39157.731674194336,	1.5,	3.0,	1.475,	5
1375685,	39264.54204773903,	0.0,	0.0,	1.075,	9
1382548,	39321.998374938965,	0.0,	0.0,	1.25,	7
1381481,	39424.50760054588,	0.5,	1.0,	0.925,	9
1389814,	39506.0070579052,	1.5,	3.0,	1.85,	10
1387854,	39585.682470321655,	0.0,	0.0,	1.2,	5
1396240,	39662.933606386185,	0.0,	0.0,	1.275,	7
1393934,	39767.09702515602,	0.0,	0.0,	1.075,	8
1402784,	39817.56994223595,	0.0,	0.0,	1.425,	7
1399841,	39960.230565309525,	0.0,	0.0,	0.875,	6
1409757,	39996.853290081024,	1.0,	2.0,	1.675,	9
1406010,	40136.44351363182,	0.0,	0.0,	1.075,	5
1416351,	40176.36553287506,	0.0,	0.0,	1.525,	8
1411438,	40290.40521645546,	0.0,	0.0,	0.575,	5
1423128,	40368.4359254837,	1.0,	2.0,	1.525,	9
1417301,	40467.37214207649,	2.5,	4.0,	0.9,	7
1429243,	40548.33864712715,	1.0,	2.0,	1.075,	11
1422994,	40614.78473544121,	0.0,	0.0,	0.875,	7
1435197,	40697.83115172386,	0.0,	0.0,	1.025,	7
1428796,	40776.51795506477,	0.0,	0.0,	0.8,	4
1441368,	40874.169895887375,	0.0,	0.0,	1.175,	6
1435518,	40954.74207472801,	0.5,	1.0,	1.525,	9
1447872,	41050.41300868988,	0.0,	0.0,	1.45,	9
1441477,	41133.88870835304,	0.0,	0.0,	0.925,	6
1454153,	41238.34681034088,	0.0,	0.0,	1.125,	7
1447378,	41292.49660277367,	2.0,	4.0,	0.825,	5
1461470,	41440.56512880325,	1.0,	2.0,	1.8,	9
1453353,	41473.2821996212,	0.0,	0.0,	1.0,	9
1468280,	41611.47911477089,	0.0,	0.0,	1.5,	5
1459017,	41629.784739494324,	0.0,	0.0,	0.75,	5
1475304,	41794.4595375061,	0.0,	0.0,	1.75,	9
1465680,	41821.893938302994,	0.0,	0.0,	1.325,	7
1481409,	41946.34203720093,	1.0,	2.0,	1.025,	5
1471248,	41974.76267170906,	1.5,	3.0,	0.675,	4
1488311,	42126.81136059761,	2.0,	2.0,	1.7,	8
1477468,	42161.58161902428,	2.5,	5.0,	1.075,	8
1494859,	42300.265701293945,	2.0,	2.0,	1.4,	9
1483630,	42335.309629917145,	2.0,	3.0,	1.125,	5
1501000,	42465.60773277283,	0.0,	0.0,	1.1,	9
1489970,	42513.34100699425,	0.5,	1.0,	1.1,	5
1507344,	42627.34171462059,	1.0,	2.0,	1.225,	5
1496009,	42682.2271630764,	0.0,	0.0,	1.025,	9
1514031,	42799.26873636246,	1.0,	2.0,	1.525,	9
1501441,	42823.16812944412,	0.0,	0.0,	0.6,	4
1519961,	42950.93296265602,	0.0,	0.0,	0.875,	4
1507816,	43004.767110824585,	0.5,	1.0,	1.15,	7
1526331,	43123.086450099945,	2.5,	5.0,	1.25,	5
1513721,	43183.22783112526,	2.5,	5.0,	0.9,	5
1532870,	43313.8953127861,	2.0,	2.0,	1.325,	7
1519529,	43377.59527635574,	4.0,	5.0,	0.925,	7
1539271,	43474.597354888916,	2.0,	4.0,	1.2,	6
1526508,	43587.3378162384,	3.0,	6.0,	1.65,	9
1545939,	43695.94205021858,	2.0,	4.0,	1.375,	11
1532664,	43756.40275359154,	2.5,	5.0,	1.125,	9
1552241,	43857.259491443634,	2.0,	4.0,	1.25,	9
1538672,	43925.71262741089,	2.5,	5.0,	1.025,	9
1558469,	44051.7457754612,	1.5,	3.0,	1.125,	6
1544558,	44082.24923968315,	0.5,	1.0,	0.85,	5
1565287,	44235.62700867653,	0.0,	0.0,	1.725,	13
1549957,	44234.97463917732,	0.0,	0.0,	0.625,	4
1571913,	44407.99302983284,	1.5,	3.0,	1.375,	6
1555859,	44415.65374970436,	0.5,	1.0,	0.95,	11
1578577,	44570.1804330349,	0.0,	0.0,	1.425,	8
1561708,	44588.89731287956,	0.0,	0.0,	0.95,	9
1585126,	44733.9532661438,	1.5,	3.0,	1.375,	7
1568144,	44774.03820538521,	1.5,	3.0,	1.275,	8
1591779,	44900.142197847366,	0.0,	0.0,	1.325,	5
1574686,	44998.6380109787,	3.0,	3.0,	1.4,	9
1598048,	45088.539847135544,	0.0,	0.0,	1.15,	9
1580280,	45193.600509405136,	6.0,	6.0,	0.675,	5
1604551,	45287.216500759125,	0.0,	0.0,	1.25,	5
1585843,	45349.99639248848,	2.0,	3.0,	0.675,	4
1610685,	45452.757561445236,	0.0,	0.0,	1.1,	7
1591810,	45540.337512254715,	1.0,	1.0,	0.9,	5
1617377,	45622.552092552185,	0.0,	0.0,	1.475,	7
1597871,	45708.56395530701,	1.0,	1.0,	0.975,	5
1623428,	45763.48548865318,	0.0,	0.0,	1.1,	7
1604051,	45902.10652709007,	1.5,	2.0,	1.15,	8
1629550,	45933.21605658531,	0.0,	0.0,	1.175,	9
1636378,	46111.4892411232,	1.0,	2.0,	1.55,	6
1610694,	46087.36618947983,	0.0,	0.0,	1.4,	5
1642689,	46280.365845918655,	1.0,	2.0,	1.225,	9
1616741,	46261.8474612236,	2.0,	2.0,	1.025,	9
1648720,	46427.29217171669,	0.0,	0.0,	1.0,	4
1622997,	46440.27018618584,	0.0,	0.0,	1.125,	7
1655157,	46606.29934382439,	1.0,	2.0,	1.5,	9
1628977,	46625.31468677521,	0.5,	1.0,	0.925,	5
1661373,	46763.629820108414,	1.0,	2.0,	1.1,	5
1635092,	46806.54056429863,	3.0,	3.0,	1.05,	9
1668589,	46954.55694818497,	0.0,	0.0,	1.725,	7
1641922,	46983.458673238754,	2.0,	2.0,	1.375,	6
1675714,	47162.155128240585,	1.0,	2.0,	1.875,	13
1648224,	47173.414628982544,	0.0,	0.0,	1.3,	13
1681824,	47330.66048455238,	0.0,	0.0,	1.15,	7
1654709,	47346.57797861099,	2.0,	3.0,	1.375,	9
1688309,	47500.92705178261,	0.0,	0.0,	1.325,	9
1660452,	47498.707094192505,	0.5,	1.0,	0.775,	4
1694649,	47659.04996013641,	2.0,	2.0,	1.2,	8
1666465,	47676.2634575367,	1.0,	2.0,	1.075,	9
1700794,	47825.2533454895,	3.5,	5.0,	1.025,	5
1672539,	47871.4338684082,	1.0,	2.0,	1.025,	8
1707099,	47976.01885533333,	1.0,	2.0,	1.3,	7
1679112,	48069.87106966972,	0.0,	0.0,	1.4,	12
1713735,	48152.22202205658,	0.0,	0.0,	1.35,	6
1685179,	48235.62890744209,	1.5,	3.0,	1.0,	7
1720891,	48338.93620610237,	1.0,	2.0,	1.675,	9
1691265,	48412.442070007324,	0.5,	1.0,	1.05,	8
1727602,	48505.95667529106,	1.0,	2.0,	1.425,	9
1696976,	48577.1236011982,	3.0,	3.0,	0.725,	4
1734063,	48692.991458654404,	1.0,	2.0,	1.3,	6
1703378,	48775.001272678375,	0.5,	1.0,	1.2,	8
1740908,	48879.71794843674,	1.0,	2.0,	1.625,	10
1709435,	48938.1407597065,	1.0,	1.0,	1.0,	5
1747779,	49066.779905319214,	3.0,	6.0,	1.675,	12
1715753,	49109.6324505806,	1.0,	2.0,	1.225,	12
1753505,	49206.403465270996,	0.0,	0.0,	0.825,	3
1722427,	49325.55162239075,	2.5,	3.0,	1.475,	9
1760024,	49372.00871825218,	0.0,	0.0,	1.4,	7
1728821,	49512.072796821594,	0.0,	0.0,	1.225,	9
1766871,	49549.77859544754,	1.0,	2.0,	1.5,	6
1773069,	49696.62022089958,	2.0,	2.0,	1.125,	4
1734925,	49683.47081494331,	0.0,	0.0,	1.025,	8
1779575,	49866.56591820717,	1.0,	2.0,	1.4,	8
1741185,	49882.778955459595,	0.0,	0.0,	1.15,	9
1785806,	50036.143161058426,	1.5,	2.0,	1.175,	4
1747517,	50070.25422000885,	0.0,	0.0,	1.275,	8
1791747,	50222.00240111351,	1.5,	2.0,	0.975,	6
1753871,	50237.14772486687,	1.0,	1.0,	1.15,	5
1798558,	50397.22312808037,	0.5,	1.0,	1.6,	12
1760404,	50410.022777080536,	0.0,	0.0,	1.325,	9
1804659,	50560.864765405655,	0.5,	1.0,	1.075,	7
1766826,	50593.115057229996,	1.0,	1.0,	1.25,	9
1811712,	50748.78683638573,	0.0,	0.0,	1.65,	9
1773162,	50768.1495988369,	0.0,	0.0,	1.15,	10
1818441,	50925.53144145012,	2.0,	2.0,	1.5,	10
1779803,	50961.056658267975,	0.0,	0.0,	1.375,	9
1824676,	51106.40307545662,	3.0,	3.0,	1.175,	7
1786168,	51124.276772260666,	0.0,	0.0,	1.25,	4
1831875,	51302.91231393814,	2.0,	2.0,	1.775,	6
1791955,	51279.03541278839,	1.0,	2.0,	0.85,	4
1798444,	51470.44696569443,	1.0,	2.0,	1.35,	10
1839103,	51513.87792015076,	2.5,	3.0,	1.875,	11
1803872,	51621.74308037758,	0.5,	1.0,	0.6,	4
1845555,	51698.828155756,	2.0,	2.0,	1.25,	4
1810623,	51813.28778195381,	0.0,	0.0,	1.5,	8
1852053,	51865.06928396225,	1.5,	2.0,	1.425,	9
1816703,	51973.21018385887,	0.0,	0.0,	1.0,	4
1858354,	52024.426156044006,	2.0,	2.0,	1.2,	9
1822925,	52138.41753745079,	2.0,	2.0,	1.125,	5
1865218,	52195.759763002396,	1.5,	2.0,	1.65,	10
1828719,	52295.43034410477,	1.5,	3.0,	0.85,	5
1872566,	52406.93488526344,	1.0,	2.0,	1.8,	8
1835048,	52475.79743099213,	1.5,	3.0,	1.175,	9
1878866,	52611.885793447495,	3.0,	3.0,	1.175,	9
1841058,	52639.826672792435,	0.0,	0.0,	1.0,	5
1884996,	52763.30585741997,	1.5,	2.0,	1.1,	9
1847313,	52815.24773669243,	0.0,	0.0,	1.125,	5
1892036,	52938.73400235176,	1.5,	2.0,	1.675,	9
1853128,	52978.80243182182,	1.5,	2.0,	0.925,	9
1898698,	53106.98443746567,	2.0,	3.0,	1.4,	9
1859930,	53160.54735779762,	1.0,	1.0,	1.55,	10
1906151,	53299.80204415321,	0.0,	0.0,	1.975,	11
1865387,	53302.06505537033,	1.0,	2.0,	0.65,	4
1912542,	53474.250344991684,	0.0,	0.0,	1.35,	8
1871296,	53476.51885342598,	0.0,	0.0,	0.9,	10
1919140,	53641.29184579849,	0.0,	0.0,	1.525,	10
1876676,	53637.882091999054,	1.5,	3.0,	0.575,	4
1924979,	53800.6735060215,	3.0,	3.0,	0.975,	7
1882531,	53797.74725031853,	0.0,	0.0,	0.9,	7
1931047,	53965.19227766991,	0.0,	0.0,	1.1,	9
1888293,	53961.921707868576,	0.0,	0.0,	0.825,	4
1893792,	54121.22395133972,	0.0,	0.0,	0.65,	4
1937870,	54151.509115219116,	0.0,	0.0,	1.6,	9
1899866,	54294.91132616997,	0.0,	0.0,	1.0,	5
1944680,	54328.06729412079,	0.0,	0.0,	1.55,	9
1906323,	54465.43410897255,	0.5,	1.0,	1.25,	5
1950953,	54499.20265722275,	1.0,	1.0,	1.2,	9
1912296,	54644.546998262405,	1.0,	1.0,	0.975,	5
1957611,	54682.155397892,	1.5,	2.0,	1.5,	7
1918500,	54810.869435310364,	0.5,	1.0,	1.125,	9
1964255,	54881.66319298744,	1.5,	2.0,	1.475,	9
1924758,	54972.4396212101,	1.0,	2.0,	1.15,	4
1970504,	55050.10351252556,	1.0,	1.0,	1.225,	9
1931235,	55161.69495892525,	0.0,	0.0,	1.275,	9
1977315,	55232.499147892,	1.5,	2.0,	1.725,	12
1937880,	55339.72182583809,	1.5,	2.0,	1.425,	7
1983262,	55411.41575074196,	2.0,	2.0,	1.0,	12
1944333,	55529.70420360565,	2.0,	2.0,	1.225,	5
1989272,	55575.263954639435,	0.0,	0.0,	1.075,	9
1950093,	55691.49802184105,	1.5,	3.0,	0.8,	5
1995598,	55727.019005298615,	0.0,	0.0,	1.2,	4
1955790,	55850.298694849014,	0.5,	1.0,	0.75,	4
2001908,	55890.57887458801,	4.0,	4.0,	1.15,	5
1962052,	56048.36377167702,	0.0,	0.0,	1.1,	9
2008657,	56084.957641363144,	0.0,	0.0,	1.45,	9
1968423,	56222.316610097885,	2.5,	5.0,	1.15,	3
2015254,	56249.41205859184,	0.0,	0.0,	1.45,	8
2021732,	56413.08531212807,	0.0,	0.0,	1.25,	7
1974405,	56396.64439415932,	0.0,	0.0,	1.0,	9
1980071,	56548.586658000946,	0.0,	0.0,	0.8,	5
2028519,	56596.03903365135,	0.0,	0.0,	1.575,	9
1986026,	56717.54383397102,	1.0,	1.0,	0.9,	5
2034837,	56764.519590616226,	0.5,	1.0,	1.225,	7
1992540,	56898.61088490486,	0.0,	0.0,	1.4,	9
2040762,	56933.24793243408,	3.0,	6.0,	0.95,	7
2046743,	57075.584206819534,	2.0,	4.0,	0.95,	5
1998183,	57057.49208855629,	0.0,	0.0,	0.7,	5
2004923,	57233.762882232666,	0.0,	0.0,	1.5,	9
2053507,	57287.87465882301,	0.0,	0.0,	1.5,	9
2012051,	57414.842066049576,	1.0,	2.0,	1.75,	9
2059594,	57450.29959321022,	0.0,	0.0,	1.075,	7
2065945,	57606.103704452515,	0.0,	0.0,	1.2,	5
2017751,	57584.465277433395,	0.0,	0.0,	0.775,	6
2071668,	57731.28470778465,	0.0,	0.0,	0.75,	2
2023810,	57755.212701797485,	2.0,	4.0,	1.075,	7
2078219,	57902.16430020332,	0.0,	0.0,	1.3,	6
2030362,	57934.09722304344,	1.5,	3.0,	1.525,	12
2084531,	58057.66972947121,	1.0,	2.0,	1.25,	8
2036845,	58110.23342251778,	0.0,	0.0,	1.275,	9
2090838,	58241.23887562752,	4.0,	4.0,	1.2,	7
2042744,	58280.98064160347,	0.0,	0.0,	0.9,	5
2096494,	58390.943031311035,	0.0,	0.0,	0.8,	9
2048291,	58432.70571947098,	1.5,	2.0,	0.7,	4
2103145,	58555.18750524521,	2.0,	4.0,	1.325,	5
2054305,	58596.22199892998,	1.5,	2.0,	1.05,	8
2109493,	58714.82891583443,	1.5,	3.0,	1.125,	4
2059958,	58769.6411318779,	0.0,	0.0,	0.75,	5
2115186,	58843.9699575901,	0.0,	0.0,	0.75,	4
2066050,	58935.938725709915,	1.0,	2.0,	1.025,	7
2121409,	58986.83347225189,	0.0,	0.0,	1.175,	7
2072223,	59120.2814912796,	2.0,	2.0,	1.175,	8
2127735,	59150.720978975296,	0.0,	0.0,	1.35,	9
2133955,	59310.829424619675,	0.0,	0.0,	1.1,	6
2078138,	59286.26083397865,	0.0,	0.0,	0.9,	6
2140084,	59457.76880455017,	0.0,	0.0,	1.05,	5
2083852,	59436.80214929581,	0.5,	1.0,	0.75,	5
2147035,	59633.05114984512,	0.0,	0.0,	1.525,	7
2090686,	59610.73601603508,	0.0,	0.0,	1.5,	5
2152948,	59790.31884121895,	1.0,	2.0,	1.25,	11
2097008,	59791.658430337906,	0.0,	0.0,	1.125,	5
2158437,	59923.387645959854,	0.5,	1.0,	0.675,	4
2102967,	59949.88567733765,	2.0,	4.0,	0.9,	5
2165088,	60094.66259217262,	1.5,	3.0,	1.4,	5
2109404,	60144.101724386215,	0.5,	1.0,	1.25,	9
2170914,	60228.17767119408,	0.0,	0.0,	0.85,	3
2116387,	60346.039018154144,	0.5,	1.0,	1.525,	5
2176882,	60395.49150323868,	0.5,	1.0,	0.975,	9
2122411,	60510.27261400223,	2.5,	3.0,	0.975,	4
2182850,	60541.17540311813,	0.5,	1.0,	0.975,	5
2189195,	60717.22174143791,	0.5,	1.0,	1.2,	6
2128808,	60698.911727428436,	4.0,	5.0,	1.25,	8
2195456,	60872.35077738762,	0.5,	1.0,	1.1,	5
2134624,	60867.51155638695,	0.5,	1.0,	0.9,	5
2201503,	61033.97143697739,	0.0,	0.0,	1.0,	5
2141340,	61056.51741862297,	3.5,	6.0,	1.425,	8
2207334,	61165.301297187805,	0.0,	0.0,	0.825,	3
2147726,	61254.34385251999,	3.0,	5.0,	1.175,	9
2214019,	61349.76009583473,	0.0,	0.0,	1.4,	9
2153661,	61410.87576651573,	1.0,	2.0,	0.9,	5
2219989,	61500.41755986214,	0.0,	0.0,	0.9,	4
2160222,	61587.399034023285,	3.5,	6.0,	1.225,	4
2225995,	61652.52193021774,	0.0,	0.0,	0.925,	5
2166499,	61768.38080406189,	0.0,	0.0,	1.25,	9
2232959,	61818.48570680618,	0.0,	0.0,	1.575,	7
2239725,	61983.17516708374,	1.0,	2.0,	1.375,	5
2172922,	61980.15344142914,	0.0,	0.0,	1.225,	11
2178947,	62146.07630300522,	0.5,	1.0,	0.925,	6
2246851,	62188.33102416992,	3.0,	4.0,	1.75,	9
2185233,	62325.72177004814,	4.0,	5.0,	1.2,	8
2253488,	62364.30089735985,	1.5,	3.0,	1.3,	7
2259465,	62521.30619454384,	1.0,	2.0,	1.025,	9
2191494,	62510.59587955475,	2.0,	4.0,	1.15,	11
2265873,	62696.07168054581,	0.0,	0.0,	1.175,	5
2197760,	62684.64365243912,	1.5,	3.0,	1.125,	8
2271826,	62847.15576887131,	0.0,	0.0,	0.875,	4
2204714,	62892.053468465805,	4.0,	5.0,	1.625,	8
2278055,	62999.28535270691,	0.0,	0.0,	1.125,	5
2211523,	63086.703474760056,	0.0,	0.0,	1.425,	7
2284345,	63146.65934276581,	0.5,	1.0,	1.075,	4
2290963,	63302.238179683685,	0.5,	1.0,	1.425,	9
2217900,	63287.2530272007,	5.0,	5.0,	1.275,	9
2297239,	63453.624932050705,	0.0,	0.0,	1.1,	5
2224003,	63475.05985951424,	2.5,	5.0,	1.05,	9
2304120,	63620.756986141205,	0.5,	1.0,	1.5,	9
2229756,	63648.084045410156,	4.0,	5.0,	0.775,	4
2310527,	63780.03318238258,	0.0,	0.0,	1.2,	5
2237211,	63880.06153297424,	1.0,	1.0,	1.9,	9
2316409,	63918.82222819328,	0.0,	0.0,	0.85,	4
2242969,	64031.90226006508,	1.0,	1.0,	0.825,	4
2323202,	64119.04850435257,	0.0,	0.0,	1.425,	9
2249128,	64202.0949947834,	0.5,	1.0,	1.05,	5
2329977,	64299.7303340435,	0.0,	0.0,	1.425,	7
2255247,	64369.97299361229,	1.5,	2.0,	1.025,	5
2336669,	64452.22900605202,	0.0,	0.0,	1.35,	6
2261257,	64551.97244501114,	0.0,	0.0,	0.9,	6
2342800,	64613.28247952461,	0.0,	0.0,	1.0,	5
2349703,	64783.03505945206,	0.0,	0.0,	1.55,	9
2267621,	64765.66065621376,	0.0,	0.0,	1.275,	9
2356389,	64948.03439235687,	0.5,	1.0,	1.375,	6
2273776,	64929.861904621124,	0.5,	1.0,	0.975,	5
2363285,	65130.23549103737,	0.5,	1.0,	1.675,	11
2280064,	65105.92239809036,	0.0,	0.0,	1.125,	5
2286369,	65287.13290119171,	2.0,	2.0,	1.175,	5
2370303,	65317.022242069244,	0.0,	0.0,	1.775,	12
2292012,	65463.64503455162,	1.0,	2.0,	0.725,	6
2376847,	65501.623822927475,	0.0,	0.0,	1.375,	10
2297687,	65621.88085842133,	1.0,	2.0,	0.925,	7
2384331,	65741.00677537918,	0.5,	1.0,	1.925,	11
2303638,	65784.12771320343,	0.5,	1.0,	0.925,	5
2391119,	65956.54364609718,	0.0,	0.0,	1.625,	12
2309976,	65951.51197171211,	0.0,	0.0,	1.175,	8
2316016,	66115.45290708542,	1.5,	3.0,	0.975,	4
2397997,	66155.43194055557,	0.0,	0.0,	1.575,	9
2322159,	66276.14052033424,	0.0,	0.0,	1.0,	6
2404793,	66384.8583586216,	0.0,	0.0,	1.525,	9
2328263,	66448.94394731522,	0.5,	1.0,	1.075,	7
2410562,	66558.64703845978,	0.5,	1.0,	0.85,	4
2333849,	66601.35014533997,	0.0,	0.0,	0.7,	4
2416849,	66764.84559893608,	0.0,	0.0,	1.1,	6
2339998,	66765.66641020775,	0.5,	1.0,	1.2,	7
2423319,	66948.28832793236,	0.0,	0.0,	1.325,	10
2346096,	66951.6576294899,	0.0,	0.0,	0.95,	5
2430540,	67154.15773439407,	0.0,	0.0,	1.775,	9
2352380,	67133.55571818352,	0.5,	1.0,	1.175,	8
2358077,	67294.94865512848,	0.0,	0.0,	0.75,	4
2436914,	67360.28954911232,	0.0,	0.0,	1.2,	6
2363769,	67460.5224044323,	0.0,	0.0,	0.8,	9
2443604,	67544.80909323692,	0.0,	0.0,	1.45,	9
2369914,	67625.11131882668,	0.0,	0.0,	1.025,	5
2449910,	67721.21362352371,	0.0,	0.0,	1.125,	4
2376592,	67826.45488142967,	0.0,	0.0,	1.475,	8
2456659,	67921.47306442261,	0.0,	0.0,	1.525,	10
2382042,	67966.85685920715,	0.5,	1.0,	0.6,	4
2463794,	68142.37232208252,	1.5,	3.0,	2.025,	15
2387835,	68129.546687603,	0.5,	1.0,	0.875,	5
2394141,	68302.51848077774,	0.0,	0.0,	1.15,	5
2470913,	68356.83110642433,	2.0,	2.0,	1.625,	7
2400356,	68476.09564232826,	0.0,	0.0,	1.075,	5
2477315,	68530.51414108276,	2.0,	3.0,	1.25,	5
2406677,	68650.14583182335,	0.0,	0.0,	1.175,	9
2483487,	68716.7856528759,	1.5,	3.0,	1.1,	9
2412320,	68805.09021043777,	0.0,	0.0,	0.75,	5
2489472,	68896.61916518211,	0.0,	0.0,	0.925,	4
2418143,	68962.50146079063,	0.5,	1.0,	0.825,	5
2495555,	69075.07358646393,	0.0,	0.0,	1.025,	6
2424163,	69140.30322933197,	0.5,	1.0,	1.075,	9
2501375,	69242.95620775223,	0.0,	0.0,	0.95,	6
2430774,	69333.39849042892,	0.5,	1.0,	1.25,	5
2507737,	69416.7918972969,	0.0,	0.0,	1.175,	6
2437157,	69507.60244774818,	0.0,	0.0,	1.225,	9
2514289,	69596.65473484993,	0.0,	0.0,	1.35,	7
2442852,	69662.00946092606,	1.5,	2.0,	0.75,	5
2520867,	69793.48346209526,	0.0,	0.0,	1.375,	9
2449298,	69828.95064401627,	0.5,	1.0,	1.2,	5
2527780,	69972.37346792221,	0.5,	1.0,	1.5,	5
2456171,	70004.25641059875,	0.0,	0.0,	1.6,	7
2534152,	70146.53976750374,	0.0,	0.0,	1.2,	6
2462553,	70183.51808023453,	2.0,	2.0,	1.275,	9
2540236,	70312.97957968712,	0.0,	0.0,	1.05,	5
2468297,	70338.8915719986,	0.5,	1.0,	0.725,	3
2546564,	70479.86996030807,	1.0,	2.0,	1.15,	4
2474487,	70520.56061148643,	0.0,	0.0,	1.05,	8
2552340,	70631.6833152771,	0.0,	0.0,	0.825,	3
2480521,	70698.46123504639,	0.0,	0.0,	0.95,	7
2558355,	70798.73717403412,	0.0,	0.0,	0.95,	5
2486559,	70864.92944049835,	1.0,	2.0,	1.075,	9
2564882,	70983.0122628212,	0.0,	0.0,	1.25,	5
2492818,	71048.59795475006,	2.0,	4.0,	1.25,	9
2571327,	71165.06119275093,	2.0,	4.0,	1.225,	7
2498902,	71212.69346213341,	0.5,	1.0,	1.1,	9
2577629,	71346.13036608696,	0.0,	0.0,	1.275,	9
2505163,	71391.6933054924,	0.0,	0.0,	1.225,	13
2583877,	71530.5355296135,	2.0,	2.0,	1.1,	5
2511546,	71574.51142811775,	3.0,	3.0,	1.2,	5
2591084,	71732.4323079586,	0.0,	0.0,	1.75,	9
2518473,	71764.50070953369,	0.0,	0.0,	1.65,	9
2597444,	71920.646545887,	1.0,	2.0,	1.2,	5
2524458,	71918.55315256119,	0.5,	1.0,	0.975,	4
2530414,	72106.13745474815,	1.0,	1.0,	0.95,	8
2604389,	72139.00768089294,	0.0,	0.0,	1.6,	9
2536534,	72269.08458352089,	0.5,	1.0,	1.025,	5
2610278,	72306.07649970055,	0.0,	0.0,	1.025,	9
2542819,	72448.66198253632,	1.0,	2.0,	1.15,	5
2616348,	72495.0217473507,	0.0,	0.0,	1.075,	10
2548835,	72607.2217040062,	2.0,	4.0,	0.925,	4
2622368,	72675.43372631073,	1.5,	3.0,	1.125,	9
2554601,	72764.93563961983,	0.5,	1.0,	0.8,	4
2628189,	72841.72003102303,	0.0,	0.0,	0.85,	5
2560374,	72926.33063602448,	0.0,	0.0,	0.8,	5
2634533,	73011.67807626724,	0.0,	0.0,	1.3,	9
2566627,	73093.72472834587,	1.5,	3.0,	1.15,	5
2640891,	73191.46086263657,	1.0,	2.0,	1.2,	4
2572449,	73274.62646961212,	4.0,	4.0,	0.825,	5
2647147,	73393.52112531662,	0.0,	0.0,	1.1,	6
2579110,	73445.25951981544,	2.0,	2.0,	1.475,	9
2652782,	73559.00316214561,	0.0,	0.0,	0.75,	4
2585300,	73642.21836018562,	4.0,	4.0,	1.175,	5
2659617,	73768.07327508926,	0.0,	0.0,	1.675,	9
2591152,	73815.55223250389,	0.0,	0.0,	0.85,	5
2666631,	74003.32010769844,	0.0,	0.0,	1.8,	9
2597904,	73999.84715366364,	2.5,	4.0,	1.65,	11
2672641,	74175.94809651375,	0.0,	0.0,	0.975,	4
2603663,	74167.39175009727,	2.0,	4.0,	0.75,	5
2678830,	74365.27773499489,	0.0,	0.0,	1.1,	9
2610134,	74359.67180681229,	5.0,	6.0,	1.3,	7
2684858,	74546.83892798424,	1.0,	2.0,	0.925,	4
2616216,	74572.50606632233,	1.0,	2.0,	1.2,	9
2691234,	74751.92479038239,	1.0,	2.0,	1.175,	9
2622780,	74753.57282018661,	3.0,	4.0,	1.325,	9
2697283,	74923.41312861443,	1.0,	2.0,	0.975,	5
2629604,	74954.29371786118,	2.0,	2.0,	1.55,	9
2703905,	75104.69608259201,	0.0,	0.0,	1.35,	9
2635563,	75128.13115620613,	3.0,	3.0,	1.0,	9
2710638,	75309.64115834236,	0.0,	0.0,	1.375,	9
2642639,	75354.09454846382,	2.5,	3.0,	1.65,	9
2717535,	75506.40123915672,	1.0,	2.0,	1.65,	9
2648528,	75528.12861847878,	4.0,	5.0,	0.875,	4
2723914,	75681.12239646912,	0.0,	0.0,	1.275,	7
2655252,	75724.28866696358,	0.0,	0.0,	1.55,	11
