6307,	1117.4333891868591,	0.5,	1.0,	1.15,	4
12126,	2349.4633531570435,	1.5,	2.0,	0.825,	5
18357,	4094.9876244068146,	0.5,	1.0,	1.05,	5
24277,	6576.722819566727,	1.0,	2.0,	0.925,	6
30148,	9344.304805755615,	1.5,	3.0,	0.9,	4
36154,	13261.833855628967,	1.0,	2.0,	0.975,	5
41753,	16376.381172657013,	0.0,	0.0,	0.7,	3
48069,	21191.54309105873,	1.5,	2.0,	1.1,	5
54561,	26098.982827425003,	3.0,	5.0,	1.225,	6
60585,	32034.524160385132,	3.0,	3.0,	0.975,	6
67057,	39633.48557162285,	1.0,	2.0,	1.225,	7
73678,	48237.533972501755,	5.0,	6.0,	1.525,	9
79972,	56804.147916316986,	1.0,	2.0,	1.2,	8
86941,	67528.63757967949,	4.0,	4.0,	1.7,	9
92826,	76413.53289818764,	0.0,	0.0,	0.8,	7
99087,	85654.1575448513,	0.0,	0.0,	1.075,	6
6078,	697.675466299057,	0.5,	1.0,	1.075,	9
11905,	895.8666727542877,	2.5,	4.0,	0.925,	5
18292,	1077.3050999641418,	0.5,	1.0,	1.375,	5
24886,	1281.5646815299988,	0.5,	1.0,	1.5,	9
31412,	1509.8503210544586,	4.0,	4.0,	1.35,	6
38334,	1746.9644861221313,	4.0,	4.0,	1.675,	9
46269,	1990.1189320087433,	4.0,	4.0,	2.325,	7
54484,	2263.71648144722,	3.0,	3.0,	2.725,	14
63307,	2544.814886569977,	2.0,	2.0,	3.1,	12
70032,	2740.648556470871,	0.0,	0.0,	1.55,	5
77580,	2971.005725622177,	4.0,	4.0,	2.2,	12
85298,	3236.554626226425,	2.0,	2.0,	2.375,	11
92749,	3451.285411119461,	1.5,	2.0,	2.025,	8
99626,	3676.7386195659637,	1.5,	3.0,	1.675,	10
107957,	3935.9683694839478,	4.0,	4.0,	2.6,	9
115679,	4165.728700637817,	2.5,	4.0,	2.3,	9
123656,	4423.236074924469,	2.0,	2.0,	2.475,	13
130939,	4658.30256819725,	1.0,	1.0,	1.975,	11
137955,	4872.374390602112,	0.0,	0.0,	1.8,	6
144673,	5083.566335201263,	3.0,	5.0,	1.525,	11
153055,	5344.817630767822,	6.5,	11.0,	2.75,	11
160945,	5584.641623258591,	4.0,	4.0,	2.25,	9
169627,	5853.3385055065155,	6.5,	11.0,	2.975,	11
176998,	6077.05962228775,	2.0,	3.0,	1.9,	11
184306,	6299.003839969635,	5.0,	5.0,	1.775,	9
193011,	6576.422293424606,	3.0,	4.0,	2.85,	13
201223,	6836.951991558075,	2.0,	4.0,	2.675,	13
209884,	7082.353334188461,	9.0,	9.0,	2.975,	14
217400,	7320.1335690021515,	5.5,	8.0,	2.025,	10
225102,	7552.361788272858,	3.0,	3.0,	2.1,	8
233645,	7793.077827692032,	0.0,	0.0,	2.675,	10
240381,	8005.376192331314,	4.0,	6.0,	1.425,	9
248643,	8252.364476680756,	2.0,	3.0,	2.775,	13
256132,	8479.951246500015,	1.0,	2.0,	2.0,	9
263529,	8695.010974407196,	2.0,	2.0,	2.0,	9
271341,	8933.694781780243,	5.0,	9.0,	2.175,	9
278517,	9154.812348365784,	1.5,	2.0,	1.9,	9
286034,	9367.924158334732,	2.0,	2.0,	2.05,	9
292797,	9566.981480360031,	1.0,	1.0,	1.625,	9
300701,	9798.914487600327,	5.5,	9.0,	2.4,	11
308425,	10014.805891036987,	5.5,	9.0,	2.425,	9
317137,	10251.984957456589,	5.5,	9.0,	3.15,	13
325964,	10525.323877811432,	5.0,	9.0,	3.1,	13
333731,	10764.920436620712,	2.0,	2.0,	2.25,	10
342083,	10991.868454694748,	0.0,	0.0,	2.725,	9
349525,	11199.946567773819,	0.0,	0.0,	2.125,	12
356922,	11400.26933002472,	1.0,	2.0,	2.075,	9
363973,	11595.148601293564,	5.0,	9.0,	1.7,	8
370390,	11777.28795337677,	2.5,	3.0,	1.25,	8
377827,	11989.682073116302,	2.0,	3.0,	1.875,	10
383718,	12148.256113290787,	0.0,	0.0,	0.85,	4
391383,	12349.80424785614,	1.5,	3.0,	1.875,	7
399562,	12594.092911481857,	1.0,	2.0,	2.425,	13
406281,	12783.288964033127,	6.0,	12.0,	1.45,	9
413587,	12993.066269397736,	7.0,	12.0,	1.9,	9
422212,	13261.608806848526,	1.5,	2.0,	2.925,	10
430683,	13518.64254617691,	1.5,	2.0,	2.65,	9
440451,	13801.08631181717,	1.5,	2.0,	3.35,	9
449779,	14053.950634717941,	5.5,	9.0,	2.875,	12
458708,	14288.498473405838,	1.0,	2.0,	3.0,	10
466577,	14512.345891952515,	1.0,	1.0,	2.025,	9
474122,	14706.368566989899,	1.0,	2.0,	1.95,	9
481747,	14911.741317987442,	2.0,	3.0,	1.825,	7
490357,	15147.926923036575,	2.5,	3.0,	2.85,	13
498242,	15357.321362257004,	4.0,	5.0,	1.975,	10
505894,	15584.118542671204,	1.0,	1.0,	1.85,	7
513789,	15797.121482610703,	4.5,	7.0,	2.05,	7
523423,	16024.67659854889,	1.0,	1.0,	3.225,	10
531169,	16234.280321121216,	3.0,	4.0,	2.025,	6
538936,	16427.824371099472,	1.0,	1.0,	2.175,	14
548168,	16681.653022289276,	2.0,	2.0,	2.85,	9
557759,	16925.04381084442,	1.5,	2.0,	3.35,	10
565163,	17121.6254863739,	5.0,	9.0,	1.9,	12
572803,	17345.154722690582,	2.0,	2.0,	1.875,	7
581714,	17589.347364664078,	1.5,	3.0,	2.9,	10
589450,	17803.087705135345,	2.0,	4.0,	2.075,	9
595819,	17983.546728134155,	0.0,	0.0,	1.3,	11
602937,	18191.595846176147,	4.5,	9.0,	1.75,	10
608879,	18375.256645679474,	2.5,	5.0,	0.95,	9
615888,	18567.47206544876,	5.5,	9.0,	1.525,	5
622691,	18749.577157497406,	1.0,	1.0,	1.475,	9
629106,	18940.016986370087,	0.5,	1.0,	1.225,	8
635438,	19127.471534013748,	0.0,	0.0,	1.3,	10
642372,	19346.844504356384,	0.5,	1.0,	1.65,	13
650659,	19606.504123926163,	10.0,	10.0,	2.6,	9
657278,	19794.358295202255,	0.0,	0.0,	1.35,	8
663967,	19986.483752965927,	4.5,	9.0,	1.475,	9
669965,	20146.906235694885,	1.0,	1.0,	0.95,	9
676616,	20349.238865613937,	0.0,	0.0,	1.375,	11
684053,	20570.337881565094,	7.0,	12.0,	2.0,	11
690836,	20744.877546787262,	1.5,	2.0,	1.55,	12
698263,	20962.70649600029,	2.0,	2.0,	1.975,	17
706674,	21188.613363027573,	3.0,	4.0,	2.625,	12
714102,	21390.138932704926,	3.0,	3.0,	1.975,	8
722073,	21615.159102916718,	4.0,	4.0,	2.3,	9
729851,	21829.481685876846,	3.0,	4.0,	2.1,	12
737682,	22033.147916316986,	2.0,	2.0,	2.225,	8
745895,	22258.451256513596,	5.5,	7.0,	2.5,	7
753394,	22446.48039650917,	3.5,	4.0,	1.95,	6
762405,	22693.494525671005,	4.0,	4.0,	3.15,	7
771093,	22936.121027708054,	4.0,	4.0,	2.9,	7
780465,	23189.830837011337,	5.5,	7.0,	3.4,	7
789170,	23408.62574148178,	5.5,	7.0,	2.85,	7
798214,	23643.772130012512,	7.0,	7.0,	3.1,	7
808033,	23908.12815594673,	5.5,	7.0,	3.775,	7
817186,	24139.440404176712,	4.0,	4.0,	3.25,	7
825382,	24344.05648112297,	5.0,	7.0,	2.525,	7
834110,	24574.001764774323,	7.0,	7.0,	2.95,	7
843027,	24809.51814723015,	5.0,	7.0,	3.075,	7
853569,	25087.231387853622,	7.0,	7.0,	4.3,	7
863811,	25355.76325249672,	5.5,	7.0,	3.95,	7
872065,	25572.491483926773,	0.0,	0.0,	2.525,	8
881148,	25810.35883307457,	4.0,	4.0,	3.3,	7
890269,	26033.08492231369,	2.5,	4.0,	3.15,	7
900001,	26265.23385334015,	3.0,	4.0,	3.65,	10
909982,	26516.465602636337,	3.0,	4.0,	4.1,	11
918283,	26741.671637058258,	5.5,	7.0,	2.525,	7
927549,	26991.812712192535,	4.0,	4.0,	3.15,	9
937208,	27239.7364525795,	4.0,	4.0,	3.575,	8
947015,	27493.490093946457,	4.0,	4.0,	3.65,	7
955366,	27718.41254377365,	4.0,	4.0,	2.6,	7
964694,	27957.309307813644,	3.0,	4.0,	3.4,	9
973989,	28192.853356838226,	2.0,	4.0,	3.3,	7
983270,	28432.04150724411,	5.5,	7.0,	3.325,	7
992499,	28678.194538354874,	4.5,	7.0,	3.325,	7
1002410,	28918.25145626068,	4.0,	4.0,	3.8,	7
1011682,	29168.1713783741,	4.0,	4.0,	3.375,	7
1019858,	29396.47887301445,	1.0,	1.0,	2.5,	7
1028979,	29649.294877767563,	3.0,	4.0,	3.175,	7
1037670,	29874.25893306732,	4.0,	4.0,	2.975,	7
1047760,	30115.891845464706,	4.0,	4.0,	4.025,	7
1057084,	30357.89957165718,	4.0,	4.0,	3.55,	7
1066129,	30602.92847919464,	4.0,	4.0,	3.25,	8
1074864,	30842.189661502838,	4.5,	8.0,	2.925,	12
1082392,	31037.096954345703,	4.5,	8.0,	2.075,	7
1091408,	31265.643388032913,	3.5,	7.0,	3.175,	7
1099187,	31471.60062646866,	3.0,	4.0,	2.3,	7
1108045,	31703.615805864334,	4.0,	4.0,	3.075,	7
1117106,	31948.84677386284,	4.5,	7.0,	3.325,	7
1125562,	32161.48827815056,	4.5,	7.0,	2.7,	7
1135258,	32416.333936691284,	2.5,	4.0,	3.65,	7
1144253,	32646.482545614243,	4.5,	7.0,	3.0,	9
1153656,	32880.55780124664,	4.0,	4.0,	3.5,	12
1162436,	33103.61608028412,	5.5,	7.0,	2.975,	7
1170144,	33316.508126974106,	5.5,	7.0,	2.125,	7
1177383,	33505.356634140015,	4.0,	7.0,	1.95,	7
1184964,	33699.20550727844,	0.5,	1.0,	2.35,	8
1191738,	33876.04466795921,	7.0,	7.0,	1.9,	11
1199155,	34056.12525057793,	0.5,	1.0,	2.325,	11
1205930,	34237.98196339607,	0.0,	0.0,	2.175,	8
1212473,	34401.408016204834,	1.0,	2.0,	2.0,	12
1219069,	34556.93599033356,	0.0,	0.0,	1.8,	11
1226187,	34731.18202638626,	1.0,	2.0,	2.825,	11
1232488,	34900.471106767654,	11.0,	11.0,	1.775,	11
1238859,	35059.356840372086,	5.5,	11.0,	2.6,	11
1244736,	35214.51297569275,	0.0,	0.0,	1.8,	11
1251257,	35399.83191514015,	1.0,	1.0,	1.95,	11
1258458,	35579.895221948624,	1.0,	1.0,	2.875,	11
1264131,	35717.28365087509,	1.0,	2.0,	1.6,	11
1270151,	35878.32251381874,	0.5,	1.0,	1.5,	11
1276804,	36049.18193078041,	3.5,	7.0,	2.175,	11
1283159,	36203.69648051262,	0.0,	0.0,	2.15,	12
1289684,	36354.11250948906,	1.0,	1.0,	1.95,	11
1296467,	36515.58107757568,	1.0,	1.0,	1.825,	11
1303010,	36689.34575986862,	1.0,	1.0,	1.85,	11
1309811,	36859.29880571365,	6.0,	11.0,	2.975,	11
1316248,	37024.88920235634,	1.5,	3.0,	2.075,	11
1322865,	37203.61503338814,	0.5,	1.0,	2.7,	11
1329188,	37374.732098817825,	0.0,	0.0,	2.2,	11
1335933,	37544.81714344025,	0.0,	0.0,	2.8,	11
1342415,	37719.314324855804,	0.5,	1.0,	3.175,	11
1348491,	37877.74961280823,	5.5,	11.0,	2.025,	11
1355243,	38045.60337018967,	0.5,	1.0,	3.575,	11
1361775,	38218.951964616776,	5.5,	11.0,	2.95,	11
1367381,	38361.34871315956,	0.0,	0.0,	1.75,	11
1374009,	38536.63624072075,	0.5,	1.0,	3.4,	11
1380428,	38705.55847287178,	1.0,	1.0,	2.675,	11
1386586,	38867.37392616272,	0.0,	0.0,	2.35,	11
1392504,	39025.9682867527,	11.0,	11.0,	1.875,	11
1398585,	39162.46520590782,	0.0,	0.0,	2.2,	11
1405332,	39350.58691549301,	0.5,	1.0,	2.95,	11
1411408,	39506.31008172035,	5.5,	11.0,	2.025,	11
1418568,	39707.06626391411,	6.0,	11.0,	3.3,	11
1424240,	39865.15223956108,	11.0,	11.0,	1.5,	11
1430427,	40025.63337135315,	5.5,	11.0,	2.2,	11
1436705,	40188.72458100319,	0.0,	0.0,	2.3,	11
1443402,	40361.988677978516,	3.0,	4.0,	2.05,	11
1449611,	40518.63856840134,	5.5,	11.0,	2.05,	11
1456814,	40709.31264090538,	0.0,	0.0,	3.75,	11
1463896,	40889.66869854927,	0.0,	0.0,	3.625,	11
1470123,	41079.52992129326,	0.0,	0.0,	2.375,	11
1476803,	41266.45766687393,	5.5,	11.0,	2.9,	11
1483626,	41435.63659477234,	0.0,	0.0,	2.725,	11
1490024,	41594.67247605324,	0.0,	0.0,	2.7,	11
1496137,	41746.00430011749,	5.5,	11.0,	1.775,	11
1502198,	41900.837800979614,	0.0,	0.0,	2.225,	11
1508653,	42068.217728853226,	5.5,	11.0,	3.05,	11
1514776,	42241.44335770607,	5.5,	11.0,	2.075,	11
1520571,	42400.48529839516,	5.5,	11.0,	1.775,	11
1527076,	42574.16536784172,	5.5,	11.0,	2.9,	11
1533774,	42739.30834650993,	1.0,	1.0,	3.225,	11
1540433,	42900.931923151016,	0.5,	1.0,	2.725,	11
1546977,	43078.563173770905,	6.5,	11.0,	2.775,	11
1553387,	43244.55626964569,	6.0,	11.0,	1.425,	10
1560280,	43403.24113082886,	1.5,	2.0,	3.15,	11
1566703,	43574.919778585434,	6.5,	11.0,	2.05,	11
1573115,	43751.53793716431,	2.0,	2.0,	2.025,	11
1579577,	43910.719452381134,	0.0,	0.0,	2.6,	11
1586146,	44087.88560676575,	1.0,	1.0,	2.15,	11
1593967,	44291.64826965332,	1.0,	1.0,	3.875,	11
1600310,	44440.421897649765,	1.0,	1.0,	2.2,	11
1607286,	44623.411011219025,	4.0,	4.0,	3.475,	11
1613752,	44782.78524327278,	11.0,	11.0,	2.375,	11
1620512,	44972.43492054939,	6.0,	11.0,	3.175,	11
1626666,	45130.83487653732,	1.0,	1.0,	2.15,	11
1633371,	45301.00069952011,	6.0,	11.0,	2.85,	11
1640131,	45455.44500422478,	6.0,	11.0,	2.75,	11
1647269,	45637.76970529556,	11.0,	11.0,	3.425,	11
1654244,	45810.688356637955,	6.0,	11.0,	3.475,	11
1661262,	45990.076276540756,	7.5,	11.0,	2.875,	11
1668418,	46173.50147771835,	7.5,	11.0,	3.075,	11
1675553,	46346.93738365173,	1.0,	1.0,	2.6,	11
1683018,	46546.56673717499,	6.0,	11.0,	3.625,	11
1689967,	46717.17096924782,	5.0,	9.0,	2.775,	11
1696958,	46901.335223436356,	5.0,	9.0,	3.675,	11
1703543,	47070.18462443352,	1.0,	1.0,	2.975,	11
1710696,	47239.47657418251,	1.0,	1.0,	3.5,	11
1718138,	47440.90612912178,	1.0,	1.0,	3.625,	11
1724602,	47612.61401104927,	1.0,	1.0,	2.725,	11
1730858,	47757.16676521301,	1.0,	1.0,	2.3,	11
1737731,	47938.841671705246,	1.0,	1.0,	2.55,	12
1745163,	48138.51852226257,	1.0,	2.0,	3.55,	12
1752029,	48295.704763412476,	1.5,	2.0,	2.775,	12
1758414,	48445.21666049957,	1.5,	3.0,	2.475,	11
1765681,	48629.191735982895,	2.0,	2.0,	3.075,	12
1772239,	48789.92165660858,	6.5,	12.0,	1.775,	12
1778659,	48950.23625278473,	6.0,	12.0,	1.875,	11
1785320,	49114.72217130661,	2.0,	2.0,	2.275,	12
1791663,	49292.85106229782,	8.0,	12.0,	1.975,	11
1798698,	49505.078387737274,	7.5,	11.0,	2.575,	11
1805950,	49686.045922994614,	6.5,	11.0,	3.0,	11
1812688,	49847.03039622307,	5.5,	11.0,	3.05,	11
1819379,	50027.94471859932,	0.5,	1.0,	2.35,	11
1825453,	50175.24566411972,	1.0,	1.0,	2.175,	11
1832095,	50352.261698246,	8.0,	11.0,	2.35,	11
1839032,	50519.67103457451,	1.0,	2.0,	3.375,	11
1845015,	50664.36885213852,	0.5,	1.0,	1.925,	11
1851729,	50834.413625478745,	6.0,	11.0,	2.725,	11
1858538,	51006.15144777298,	6.0,	11.0,	2.775,	11
1865616,	51191.3150742054,	6.5,	11.0,	3.5,	11
1872607,	51379.05281996727,	0.5,	1.0,	3.025,	11
1879433,	51569.802757024765,	1.0,	1.0,	2.65,	11
1886020,	51733.57358455658,	6.0,	11.0,	2.8,	11
1892537,	51886.802621126175,	0.0,	0.0,	2.55,	11
1900406,	52076.89002561569,	0.5,	1.0,	4.15,	11
1907626,	52250.818261384964,	0.5,	1.0,	2.975,	11
1915134,	52440.85333752632,	7.5,	11.0,	3.275,	11
1922142,	52617.487716436386,	11.0,	11.0,	2.925,	11
1929661,	52817.27929401398,	11.0,	11.0,	3.0,	11
1936798,	53000.55553102493,	0.0,	0.0,	2.575,	11
1943630,	53195.314212322235,	7.5,	11.0,	2.175,	11
1950112,	53362.612674713135,	5.5,	11.0,	2.275,	11
1956232,	53539.29921221733,	6.0,	11.0,	1.5,	11
1963267,	53715.338240623474,	3.0,	3.0,	3.45,	12
1969937,	53890.228018045425,	0.5,	1.0,	2.675,	11
1976361,	54052.76181483269,	6.0,	11.0,	2.0,	11
1983874,	54240.60855984688,	2.5,	4.0,	3.5,	11
1990970,	54438.36636567116,	1.0,	1.0,	2.625,	11
1998422,	54623.97146940231,	2.0,	2.0,	3.35,	11
2005852,	54833.81006979942,	11.0,	11.0,	2.8,	11
2012949,	55021.11702108383,	6.5,	11.0,	3.375,	11
2020273,	55213.745910167694,	6.5,	11.0,	4.125,	11
2026810,	55376.35758447647,	6.5,	11.0,	3.025,	11
2033994,	55567.9525744915,	1.5,	2.0,	3.4,	11
2040572,	55737.324694633484,	5.5,	11.0,	2.95,	11
2047354,	55916.01490974426,	1.0,	1.0,	3.2,	11
2054182,	56075.0813896656,	1.0,	1.0,	3.1,	11
2061540,	56266.66692662239,	1.0,	1.0,	3.6,	11
2067829,	56416.27714586258,	1.0,	1.0,	2.425,	11
2075005,	56600.87373828888,	6.0,	11.0,	3.8,	11
2082569,	56780.07177424431,	1.0,	1.0,	4.1,	11
2089730,	56965.550916433334,	0.0,	0.0,	3.1,	11
2096410,	57147.77486252785,	11.0,	11.0,	2.725,	11
2103721,	57330.74579024315,	1.0,	1.0,	3.75,	11
2110437,	57510.50240635872,	0.0,	0.0,	2.825,	11
2116541,	57666.28085565567,	1.0,	1.0,	2.3,	11
2123350,	57835.45635700226,	0.5,	1.0,	2.9,	11
2130055,	58008.24743056297,	11.0,	11.0,	2.875,	11
2136530,	58172.33719539642,	1.0,	1.0,	2.275,	11
2143012,	58324.836738586426,	1.0,	1.0,	2.65,	11
2149702,	58513.479897499084,	8.0,	11.0,	3.35,	11
2156242,	58675.77813577652,	6.0,	11.0,	2.8,	11
2162964,	58844.25497698784,	1.0,	1.0,	3.075,	11
2170204,	59040.57355737686,	11.0,	11.0,	3.05,	11
2177968,	59238.99741744995,	6.5,	11.0,	4.9,	11
2185537,	59417.98134493828,	6.0,	11.0,	4.275,	11
2193073,	59609.03236532211,	4.0,	4.0,	4.3,	11
2200087,	59789.46397852898,	6.5,	11.0,	3.025,	11
2207672,	59991.06579375267,	1.0,	1.0,	3.9,	11
2214919,	60181.15726470947,	1.0,	1.0,	2.875,	11
2221521,	60346.17949151993,	11.0,	11.0,	3.175,	11
2229120,	60545.76348853111,	1.5,	2.0,	3.525,	11
2235709,	60720.35538935661,	0.5,	1.0,	2.7,	11
2242463,	60902.06608748436,	0.5,	1.0,	2.975,	11
2248808,	61064.11803650856,	1.0,	1.0,	2.425,	11
2255824,	61238.415600538254,	5.5,	11.0,	3.45,	11
2262274,	61402.80454993248,	0.5,	1.0,	3.025,	11
2268793,	61575.89887499809,	6.0,	11.0,	2.775,	11
2275784,	61746.76744747162,	1.0,	1.0,	3.5,	11
2282856,	61934.06468486786,	6.0,	11.0,	4.075,	11
2289025,	62085.76569771767,	1.0,	1.0,	1.85,	11
2295710,	62248.50796198845,	5.5,	11.0,	3.35,	11
2303321,	62441.30056166649,	0.5,	1.0,	4.275,	11
2310127,	62617.58126163483,	11.0,	11.0,	3.35,	11
2316499,	62791.963720321655,	1.0,	1.0,	2.4,	11
2323669,	62971.58470129967,	1.0,	1.0,	3.2,	11
2330241,	63126.95928168297,	1.0,	1.0,	2.6,	11
2337058,	63310.07031393051,	6.0,	11.0,	3.15,	11
2344202,	63494.0727314949,	1.0,	1.0,	3.875,	11
2350865,	63662.22793149948,	6.0,	11.0,	3.25,	11
2357267,	63830.946027994156,	6.0,	11.0,	2.25,	11
2364101,	64014.234821558,	1.0,	1.0,	3.625,	11
2370639,	64185.62501883507,	6.0,	11.0,	3.05,	11
2377997,	64384.546107530594,	11.0,	11.0,	3.275,	11
2384810,	64556.946060180664,	1.5,	2.0,	2.7,	11
2391669,	64732.21110057831,	1.0,	1.0,	3.1,	11
2397577,	64888.548288822174,	0.5,	1.0,	2.0,	11
2404254,	65075.067388772964,	6.0,	11.0,	3.325,	11
2410455,	65240.00098371506,	1.0,	1.0,	2.25,	11
2417216,	65413.832051754,	6.0,	11.0,	3.725,	11
2424078,	65598.80516386032,	1.0,	1.0,	4.0,	11
2430717,	65756.14252567291,	0.0,	0.0,	3.5,	11
2437440,	65931.47855401039,	6.0,	11.0,	3.575,	11
2443840,	66095.07622170448,	0.5,	1.0,	2.925,	11
2450232,	66270.23232412338,	1.0,	1.0,	3.15,	11
2455849,	66431.41281199455,	0.0,	0.0,	1.5,	11
2461394,	66579.52931547165,	6.0,	11.0,	1.825,	11
2467170,	66727.11044597626,	1.0,	1.0,	2.025,	11
2473683,	66903.4038245678,	0.0,	0.0,	3.025,	11
2480751,	67085.25400733948,	0.0,	0.0,	4.425,	11
2487209,	67260.93462967873,	0.0,	0.0,	3.525,	11
2492734,	67418.08935379982,	5.5,	11.0,	1.65,	11
2498740,	67586.62785315514,	11.0,	11.0,	2.325,	11
2505214,	67757.19454073906,	6.0,	11.0,	2.75,	11
2511845,	67942.74949193001,	1.0,	1.0,	2.625,	11
2518484,	68114.62798833847,	6.0,	11.0,	3.1,	11
2524730,	68292.68778061867,	11.0,	11.0,	2.375,	11
2530941,	68461.58750677109,	1.0,	1.0,	1.95,	11
2537971,	68646.74552035332,	6.0,	11.0,	4.15,	11
2544090,	68806.53015637398,	1.0,	1.0,	2.425,	11
2550295,	68993.82186079025,	0.5,	1.0,	2.3,	11
2556604,	69160.74956059456,	6.0,	11.0,	2.425,	11
2563888,	69358.25523257256,	6.0,	11.0,	3.325,	11
2570522,	69564.44189786911,	3.0,	3.0,	2.95,	11
2576700,	69744.97690582275,	6.0,	11.0,	2.525,	11
2583013,	69922.32274460793,	1.0,	1.0,	2.175,	11
2589200,	70101.5996556282,	6.0,	11.0,	2.025,	11
2596130,	70278.65897846222,	0.5,	1.0,	3.775,	11
2602599,	70463.9809744358,	7.5,	11.0,	2.7,	11
2608841,	70627.57098460197,	6.0,	11.0,	2.025,	11
2615596,	70806.23088359833,	6.0,	11.0,	2.725,	11
2621872,	70995.24245905876,	11.0,	11.0,	2.25,	11
2627800,	71161.94105911255,	6.0,	11.0,	1.95,	11
2633202,	71308.13205265999,	0.0,	0.0,	1.35,	11
2639985,	71492.91497206688,	0.0,	0.0,	3.225,	11
2646592,	71676.72292876244,	0.0,	0.0,	3.375,	11
2653230,	71856.04135465622,	0.0,	0.0,	3.075,	11
2659300,	72029.87903547287,	0.0,	0.0,	2.525,	11
2665260,	72200.91322898865,	5.5,	11.0,	2.35,	11
2671288,	72358.3867251873,	5.5,	11.0,	2.4,	11
2677310,	72522.58887648582,	0.0,	0.0,	2.5,	11
2684339,	72727.75976133347,	5.5,	11.0,	3.925,	11
2690523,	72906.68669366837,	5.5,	11.0,	3.125,	11
2696868,	73100.20882320404,	0.0,	0.0,	3.325,	11
2703351,	73283.28561425209,	0.0,	0.0,	3.275,	11
2709007,	73438.15359330177,	0.0,	0.0,	2.2,	11
2715013,	73606.40196084976,	0.0,	0.0,	2.375,	11
2720813,	73770.33694791794,	0.0,	0.0,	2.1,	11
2726707,	73938.51103782654,	0.5,	1.0,	2.2,	11
2732611,	74104.07037043571,	6.0,	11.0,	2.375,	11
2738707,	74282.79143214226,	5.5,	11.0,	2.85,	11
2744078,	74446.94622325897,	11.0,	11.0,	1.65,	11
2750189,	74624.98745131493,	0.0,	0.0,	2.85,	12
2755869,	74793.71773266792,	0.0,	0.0,	1.875,	11
2761610,	74962.42295598984,	11.0,	11.0,	1.975,	11
2767304,	75118.78760027885,	0.0,	0.0,	1.95,	12
2773347,	75278.58573579788,	5.5,	11.0,	2.525,	11
2779513,	75462.92704796791,	5.5,	11.0,	2.6,	11
2785378,	75629.71239542961,	0.0,	0.0,	2.3,	11
2791352,	75805.25334262848,	5.5,	11.0,	2.325,	11
2797099,	75976.09428930283,	5.5,	11.0,	1.85,	11
2802953,	76148.27924871445,	5.5,	11.0,	1.925,	11
2808130,	76317.39648246765,	5.5,	11.0,	0.725,	11
2813895,	76497.78420972824,	0.5,	1.0,	1.4,	11
2820434,	76689.6713321209,	0.0,	0.0,	2.05,	11
2826777,	76947.0054321289,	11.0,	11.0,	1.6,	11
2833040,	77144.18933606148,	0.0,	0.0,	1.6,	11
2839039,	77334.55641937256,	0.0,	0.0,	1.5,	11
2845827,	77540.0087082386,	5.5,	11.0,	2.65,	11
2851773,	77735.18558120728,	5.5,	11.0,	1.6,	11
2857565,	77915.27357268333,	0.0,	0.0,	1.625,	11
2863830,	78100.69246578217,	4.5,	9.0,	2.525,	11
2870210,	78304.03956604004,	5.5,	11.0,	2.45,	11
2875770,	78490.29945802689,	0.0,	0.0,	1.55,	11
2882112,	78701.32250881195,	5.5,	11.0,	2.475,	11
2888427,	78898.9912121296,	0.0,	0.0,	2.35,	11
2894735,	79109.25021004677,	0.0,	0.0,	3.1,	11
2900162,	79273.23258185387,	0.0,	0.0,	1.7,	11
2905701,	79446.18615293503,	0.0,	0.0,	1.675,	11
2912110,	79664.9229478836,	0.0,	0.0,	2.95,	11
2918269,	79838.82508826256,	5.5,	11.0,	3.075,	11
2923783,	79999.89613842964,	0.0,	0.0,	1.925,	11
2928871,	80156.44398927689,	0.0,	0.0,	1.1,	11
2934411,	80334.23424506187,	11.0,	11.0,	1.95,	11
2940381,	80511.0243935585,	5.5,	11.0,	2.775,	11
2946773,	80709.7962949276,	6.0,	11.0,	3.6,	11
2952503,	80888.72539782524,	0.0,	0.0,	2.25,	11
2958443,	81072.71819972992,	0.0,	0.0,	2.75,	11
2964126,	81259.97053480148,	0.5,	1.0,	2.225,	11
2969639,	81436.39685440063,	0.0,	0.0,	1.925,	11
2975771,	81627.97572755814,	0.0,	0.0,	2.8,	11
2981649,	81794.01997160912,	0.0,	0.0,	2.55,	11
2987400,	81973.85162901878,	5.5,	11.0,	2.15,	11
2993320,	82168.07018518448,	5.5,	11.0,	2.175,	11
2999281,	82345.52664065361,	5.5,	11.0,	2.45,	11
3005283,	82517.88170313835,	0.0,	0.0,	2.525,	11
3011265,	82686.16006875038,	0.0,	0.0,	2.65,	11
3017542,	82882.02999663353,	0.0,	0.0,	3.35,	11
3023678,	83068.89937973022,	5.5,	11.0,	2.925,	11
3029589,	83236.3468902111,	0.0,	0.0,	2.5,	11
3034904,	83402.65545201302,	0.0,	0.0,	1.375,	11
3040757,	83590.6139125824,	0.0,	0.0,	2.025,	11
3046839,	83792.00817751884,	0.0,	0.0,	3.025,	11
3052764,	83965.41140627861,	5.5,	11.0,	2.6,	11
3058968,	84143.60684394836,	5.5,	11.0,	2.9,	11
3064922,	84314.54062867165,	5.5,	11.0,	2.625,	11
3071141,	84514.58167672157,	6.0,	11.0,	2.875,	11
3077703,	84710.3184401989,	1.0,	1.0,	2.95,	11
3083431,	84874.22113108635,	6.0,	11.0,	1.7,	11
3089713,	85063.22518897057,	6.0,	11.0,	2.8,	11
3096327,	85259.12938189507,	1.0,	1.0,	3.225,	11
3102884,	85459.34096264839,	1.0,	1.0,	3.175,	11
3109480,	85665.27936863899,	6.0,	11.0,	3.3,	11
3115919,	85860.38323807716,	6.0,	11.0,	3.075,	11
3122849,	86059.2480764389,	1.0,	1.0,	3.625,	11
3129061,	86246.01271915436,	6.0,	11.0,	2.05,	11
