13782,	1057.9128971099854,	162.5,	175.0,	197.5,	575
28091,	1611.8243730068207,	312.5,	475.0,	199.375,	600
43096,	2204.6376338005066,	150.0,	150.0,	251.875,	675
59098,	2852.1149957180023,	225.0,	300.0,	251.25,	600
72739,	3414.3720576763153,	187.5,	225.0,	216.875,	575
88031,	4003.061813354492,	275.0,	325.0,	267.5,	550
104382,	4668.667174339294,	275.0,	325.0,	256.875,	600
120745,	5354.291807889938,	200.0,	225.0,	246.875,	550
136856,	6014.39888048172,	187.5,	225.0,	271.25,	575
152863,	6654.55308842659,	187.5,	225.0,	256.25,	600
167923,	7248.52233672142,	175.0,	200.0,	243.75,	575
183384,	7883.979251384735,	325.0,	325.0,	257.5,	525
199318,	8520.889016628265,	150.0,	150.0,	241.875,	550
215094,	9129.29744386673,	275.0,	400.0,	230.625,	825
230890,	9806.781131982803,	200.0,	200.0,	238.125,	625
246542,	10468.570422410965,	250.0,	275.0,	273.75,	725
261909,	11169.271399736404,	212.5,	250.0,	231.25,	550
278098,	11794.392853736877,	150.0,	150.0,	283.125,	1050
293463,	12286.861420869827,	187.5,	200.0,	250.0,	600
309274,	12801.721990346909,	250.0,	300.0,	223.125,	650
325938,	13327.020852804184,	175.0,	175.0,	286.875,	625
342310,	13959.403553009033,	187.5,	225.0,	292.5,	1100
358827,	14553.715588331223,	325.0,	500.0,	281.875,	750
374090,	15058.265374183655,	275.0,	275.0,	200.625,	525
391058,	15671.060029506683,	175.0,	175.0,	251.25,	600
407253,	16214.290359258652,	325.0,	400.0,	268.75,	700
423077,	16727.579981327057,	150.0,	225.0,	226.875,	600
437907,	17193.311653852463,	150.0,	175.0,	176.875,	525
454591,	17725.777341365814,	137.5,	175.0,	244.375,	575
470771,	18276.615932941437,	200.0,	225.0,	229.375,	575
486378,	18801.911192655563,	187.5,	200.0,	248.125,	625
502973,	19438.82067632675,	225.0,	225.0,	253.75,	675
519030,	20002.625209331512,	225.0,	225.0,	199.375,	550
535019,	20557.734156131744,	225.0,	225.0,	233.125,	525
551047,	21106.284948825836,	200.0,	225.0,	217.5,	625
567164,	21622.211317539215,	162.5,	200.0,	243.125,	575
583440,	22131.83755517006,	125.0,	125.0,	218.75,	600
599595,	22783.05576658249,	75.0,	75.0,	258.125,	650
615222,	23287.869876623154,	237.5,	250.0,	218.75,	575
631407,	23808.25380921364,	212.5,	225.0,	234.375,	525
647732,	24359.173452854156,	37.5,	50.0,	262.5,	575
664964,	24962.9763379097,	50.0,	50.0,	222.5,	525
682243,	25556.39028954506,	225.0,	225.0,	233.125,	625
698266,	26169.572557210922,	37.5,	50.0,	183.75,	625
714789,	26718.134852170944,	225.0,	225.0,	260.0,	850
730014,	27281.35284471512,	400.0,	650.0,	210.0,	625
745762,	27846.95372891426,	137.5,	150.0,	189.375,	500
760601,	28354.22881102562,	125.0,	150.0,	190.625,	525
776545,	28897.116507053375,	62.5,	125.0,	206.875,	575
792379,	29421.05844926834,	75.0,	75.0,	216.25,	550
808676,	29984.78271484375,	137.5,	150.0,	216.25,	625
824644,	30554.793674230576,	237.5,	250.0,	217.5,	625
840848,	31113.22782111168,	400.0,	400.0,	230.625,	600
856575,	31630.200880289078,	75.0,	125.0,	245.625,	600
872004,	32179.75892663002,	275.0,	425.0,	183.125,	600
887247,	32725.834389686584,	187.5,	200.0,	203.75,	800
904592,	33388.34798192978,	225.0,	375.0,	235.625,	500
920853,	33959.35201716423,	312.5,	500.0,	220.625,	600
937245,	34574.31716680527,	125.0,	150.0,	201.25,	525
953806,	35114.82787966728,	125.0,	200.0,	195.0,	475
970382,	35727.86358499527,	87.5,	125.0,	210.625,	500
986709,	36250.47325181961,	100.0,	125.0,	218.75,	550
1003094,	36819.108896017075,	62.5,	75.0,	221.875,	575
1018711,	37352.76370596886,	150.0,	250.0,	208.75,	500
1035293,	37888.90698289871,	325.0,	425.0,	218.125,	475
1051060,	38466.713561058044,	262.5,	450.0,	236.875,	650
1066639,	39029.849266290665,	300.0,	400.0,	223.125,	575
1082640,	39712.38207554817,	200.0,	200.0,	201.875,	550
1098083,	40297.949862241745,	200.0,	275.0,	245.0,	1050
1113587,	40845.58583855629,	200.0,	200.0,	192.5,	575
1129636,	41462.67820763588,	100.0,	100.0,	190.0,	500
1146742,	42075.301255464554,	175.0,	200.0,	241.875,	550
1163088,	42655.77308487892,	75.0,	75.0,	170.0,	575
1178701,	43198.6426384449,	112.5,	150.0,	210.0,	525
1195848,	43825.44640350342,	175.0,	200.0,	206.25,	600
1212679,	44410.54251790047,	112.5,	150.0,	238.125,	1175
1230194,	45048.62493634224,	137.5,	200.0,	263.75,	750
1247773,	45642.28495669365,	112.5,	150.0,	240.0,	550
1265259,	46273.34320092201,	100.0,	100.0,	228.125,	550
1283243,	46948.5119869709,	200.0,	200.0,	250.0,	650
1299622,	47480.95405769348,	137.5,	200.0,	250.625,	575
1315799,	48071.545794487,	187.5,	200.0,	229.375,	775
1331985,	48686.53583288193,	150.0,	225.0,	238.75,	525
1347878,	49201.04567217827,	75.0,	75.0,	204.375,	525
1364660,	49787.194244384766,	225.0,	225.0,	236.25,	600
1381077,	50410.065269231796,	200.0,	225.0,	271.25,	575
1398044,	51035.578046798706,	175.0,	175.0,	221.875,	650
1415163,	51609.9291408062,	225.0,	225.0,	273.125,	600
1432616,	52212.99207854271,	125.0,	175.0,	235.0,	600
1449143,	52791.915974378586,	150.0,	225.0,	229.375,	500
1466147,	53321.40057325363,	225.0,	225.0,	238.75,	600
1482729,	53960.682555913925,	175.0,	175.0,	173.125,	525
1499921,	54586.64072608948,	287.5,	425.0,	260.0,	600
1514687,	55064.561337947845,	375.0,	525.0,	214.375,	575
1531803,	55628.595906972885,	112.5,	200.0,	221.875,	600
1547240,	56188.370995759964,	225.0,	425.0,	256.875,	575
1563061,	56711.00827074051,	25.0,	25.0,	238.125,	600
1579345,	57314.908598184586,	125.0,	225.0,	204.375,	650
1595836,	57990.1727309227,	50.0,	75.0,	234.375,	800
1612135,	58667.17563509941,	225.0,	225.0,	291.25,	700
1628529,	59430.981375694275,	162.5,	225.0,	210.625,	625
1645414,	60024.669028282166,	150.0,	200.0,	223.75,	625
1661908,	60569.55913710594,	175.0,	175.0,	226.875,	550
1678324,	61282.63241767883,	350.0,	525.0,	250.0,	625
1693975,	61787.61986017227,	300.0,	425.0,	265.0,	775
1711038,	62467.37932682037,	187.5,	200.0,	250.0,	575
1726159,	63010.881480932236,	325.0,	550.0,	191.25,	625
1742767,	63574.94622564316,	75.0,	75.0,	259.375,	625
1759111,	64222.73240303993,	25.0,	25.0,	221.25,	700
1775048,	64735.090413570404,	162.5,	250.0,	226.875,	575
1791292,	65347.36824917793,	200.0,	200.0,	232.5,	575
1807656,	65906.92842745781,	287.5,	500.0,	193.75,	600
1823249,	66490.99657726288,	250.0,	250.0,	213.75,	550
1839629,	67077.79208803177,	212.5,	250.0,	220.625,	750
1855081,	67611.34926438332,	212.5,	250.0,	227.5,	650
1870044,	68140.98456788063,	212.5,	250.0,	193.125,	625
1884926,	68738.25569415092,	225.0,	250.0,	177.5,	550
1899400,	69321.53554201126,	200.0,	200.0,	208.125,	775
1914925,	69901.63206601143,	225.0,	250.0,	220.625,	625
1930881,	70449.0193221569,	250.0,	250.0,	245.0,	550
1946164,	71000.30604672432,	225.0,	250.0,	180.0,	575
1960988,	71468.53823161125,	325.0,	450.0,	200.0,	575
1976278,	71950.4349462986,	225.0,	250.0,	253.75,	1125
1991124,	72463.92326879501,	250.0,	250.0,	176.875,	525
2006253,	72936.29790687561,	150.0,	150.0,	200.0,	500
2022809,	73485.09820699692,	250.0,	250.0,	246.875,	650
2038183,	74116.07196831703,	225.0,	250.0,	204.375,	850
2053659,	74690.64446115494,	225.0,	250.0,	231.875,	650
2069420,	75224.69984936714,	175.0,	175.0,	243.125,	600
2084541,	75713.68692302704,	100.0,	100.0,	223.75,	650
2098921,	76191.00818872452,	387.5,	500.0,	180.0,	600
2114208,	76698.77734613419,	200.0,	200.0,	203.75,	625
2128967,	77187.59662365913,	187.5,	275.0,	215.625,	525
2142790,	77601.89348721504,	312.5,	550.0,	186.25,	525
2157836,	78114.88732933998,	200.0,	200.0,	210.625,	600
2171824,	78543.38719320297,	125.0,	175.0,	190.625,	550
2186909,	79069.48313641548,	137.5,	200.0,	198.75,	850
2201653,	79538.43874883652,	200.0,	200.0,	187.5,	550
2216482,	80046.59038734436,	175.0,	200.0,	218.75,	575
2232406,	80619.32893133163,	162.5,	225.0,	256.875,	1100
2248074,	81160.79707241058,	137.5,	200.0,	194.375,	625
2263038,	81657.77176070213,	112.5,	150.0,	185.0,	500
2277698,	82140.75545549393,	137.5,	200.0,	167.5,	525
2293348,	82717.58504509926,	150.0,	150.0,	221.25,	600
2308231,	83186.75668406487,	75.0,	75.0,	190.0,	500
2323016,	83769.45141267776,	150.0,	150.0,	273.75,	975
2337784,	84299.86718559265,	75.0,	75.0,	243.125,	650
2353263,	84848.41601705551,	112.5,	150.0,	257.5,	1075
2369927,	85458.21373486519,	112.5,	150.0,	267.5,	625
2385039,	85973.22441124916,	75.0,	75.0,	191.875,	500
