14018,	609.2847044467926,	325.0,	525.0,	166.25,	500
26911,	1037.1436805725098,	450.0,	450.0,	173.125,	650
41996,	1556.1824474334717,	250.0,	400.0,	220.625,	625
55987,	2042.19464635849,	225.0,	275.0,	215.0,	600
70557,	2551.3240878582,	200.0,	200.0,	263.75,	675
85363,	3083.703949213028,	412.5,	550.0,	250.0,	775
102138,	3668.409917116165,	237.5,	300.0,	311.25,	675
120277,	4409.545446634293,	300.0,	300.0,	325.625,	600
138578,	5061.938867092133,	450.0,	450.0,	336.875,	675
157629,	5749.145892858505,	487.5,	625.0,	351.25,	825
175880,	6449.480087757111,	350.0,	350.0,	248.125,	650
196071,	7195.18501329422,	600.0,	600.0,	365.0,	750
216920,	7938.559466600418,	450.0,	550.0,	330.0,	625
236063,	8634.095478057861,	600.0,	600.0,	287.5,	600
255673,	9317.980520963669,	550.0,	600.0,	355.0,	650
272363,	9936.838441848755,	362.5,	600.0,	280.0,	975
290470,	10591.76577091217,	262.5,	325.0,	354.375,	650
309192,	11245.012226819992,	300.0,	300.0,	298.75,	650
327446,	11864.902807235718,	600.0,	600.0,	290.0,	600
348057,	12575.39625954628,	600.0,	600.0,	396.25,	625
364772,	13170.830153465271,	600.0,	600.0,	314.375,	650
383572,	13877.624710321426,	600.0,	600.0,	467.5,	675
401143,	14498.711599349976,	600.0,	675.0,	337.5,	675
419479,	15146.131531953812,	637.5,	650.0,	385.625,	675
437102,	15811.74207997322,	625.0,	675.0,	323.75,	675
455161,	16451.398466348648,	600.0,	600.0,	343.75,	675
473157,	17101.596806526184,	600.0,	600.0,	389.375,	700
490923,	17739.86389398575,	675.0,	675.0,	389.375,	675
509099,	18391.037750959396,	525.0,	525.0,	407.5,	650
526478,	18978.0638794899,	637.5,	650.0,	477.5,	675
544531,	19622.18341398239,	662.5,	675.0,	466.875,	700
563604,	20299.272777318954,	637.5,	675.0,	456.25,	725
581229,	20962.753940343857,	587.5,	675.0,	426.25,	725
596439,	21536.96787261963,	687.5,	700.0,	314.375,	675
615100,	22275.88450694084,	562.5,	650.0,	438.75,	725
632011,	22888.601642370224,	375.0,	525.0,	391.25,	725
648536,	23504.69864678383,	275.0,	325.0,	357.5,	725
664295,	24155.456929683685,	212.5,	225.0,	314.375,	675
680087,	24749.84458374977,	675.0,	675.0,	286.25,	675
699315,	25456.285506486893,	625.0,	625.0,	352.5,	700
716671,	26119.348701238632,	650.0,	650.0,	341.25,	675
733216,	26698.157014608383,	387.5,	650.0,	276.875,	675
752006,	27269.015431642532,	400.0,	675.0,	295.0,	650
770228,	27829.30080986023,	650.0,	650.0,	369.375,	650
789424,	28387.44078707695,	650.0,	650.0,	305.0,	700
809824,	29025.692773103714,	650.0,	650.0,	340.625,	700
829291,	29573.930156707764,	675.0,	675.0,	328.125,	700
849098,	30164.477157354355,	425.0,	675.0,	362.5,	675
866609,	30654.00199508667,	675.0,	675.0,	380.0,	725
884180,	31156.580117940903,	500.0,	725.0,	346.875,	675
900457,	31700.865456342697,	675.0,	700.0,	360.0,	825
918465,	32211.28549337387,	537.5,	725.0,	356.875,	700
938522,	32763.664462327957,	687.5,	700.0,	434.375,	1150
956826,	33335.211198568344,	425.0,	675.0,	433.125,	700
975869,	33861.56164717674,	600.0,	625.0,	391.875,	700
994953,	34419.31530880928,	625.0,	650.0,	425.625,	700
1013093,	35037.768689632416,	200.0,	200.0,	373.75,	1200
1030731,	35549.475779771805,	600.0,	600.0,	360.0,	675
1048060,	36079.49930524826,	637.5,	650.0,	306.25,	675
1064814,	36617.10956120491,	350.0,	350.0,	292.5,	675
1081916,	37114.103387117386,	487.5,	600.0,	293.125,	700
1099617,	37698.339529037476,	400.0,	425.0,	366.875,	700
1117550,	38206.03059244156,	575.0,	575.0,	396.875,	900
1135379,	38823.067997932434,	525.0,	675.0,	320.625,	700
1151971,	39338.732557058334,	450.0,	525.0,	345.625,	700
1170523,	39962.723977804184,	675.0,	700.0,	427.5,	675
1189046,	40606.32593083382,	662.5,	675.0,	431.25,	700
1206052,	41200.7972984314,	512.5,	650.0,	406.25,	700
1224134,	41869.4527592659,	650.0,	675.0,	394.375,	700
1242980,	42520.17999649048,	675.0,	675.0,	436.875,	850
1260635,	43121.027210235596,	425.0,	650.0,	411.25,	1175
1277808,	43758.98265051842,	700.0,	1150.0,	313.125,	750
1294039,	44301.44197463989,	325.0,	500.0,	335.0,	800
1312356,	44900.456612825394,	700.0,	700.0,	414.375,	700
1330203,	45524.41209483147,	687.5,	700.0,	415.0,	1200
1349530,	46175.718685626984,	487.5,	700.0,	385.0,	1225
1366865,	46824.42752456665,	400.0,	575.0,	355.0,	1200
1384261,	47415.992198228836,	500.0,	625.0,	376.25,	725
1402319,	47997.57261610031,	700.0,	700.0,	412.5,	775
1420056,	48696.42749071121,	987.5,	1275.0,	448.125,	1075
1437989,	49303.83128643036,	487.5,	675.0,	434.375,	1075
1456975,	50002.960240364075,	625.0,	625.0,	448.75,	725
1476689,	50635.59317302704,	562.5,	725.0,	386.875,	1100
1496430,	51194.96913290024,	475.0,	675.0,	463.75,	725
1516086,	51749.4816467762,	425.0,	625.0,	403.75,	850
1535994,	52398.215547800064,	512.5,	700.0,	401.875,	1175
1559182,	53085.63320183754,	550.0,	850.0,	450.0,	1150
1585111,	54037.730259656906,	425.0,	475.0,	546.25,	1175
1608284,	54900.644626140594,	650.0,	650.0,	525.625,	1150
1631977,	55593.62620806694,	862.5,	1150.0,	478.75,	1125
1654841,	56399.23958015442,	650.0,	650.0,	409.375,	1100
1679992,	57281.536051273346,	350.0,	375.0,	460.625,	1175
1703671,	58155.59212112427,	962.5,	1075.0,	421.25,	1075
1727857,	58989.98548030853,	350.0,	350.0,	498.125,	1075
1753698,	59901.990599393845,	362.5,	375.0,	524.375,	1075
1780643,	60957.96475839615,	700.0,	1075.0,	506.25,	1175
1808866,	61973.79134058952,	762.5,	1175.0,	615.0,	1200
1835938,	62994.19160747528,	650.0,	1075.0,	516.25,	1175
1859792,	63924.903824329376,	700.0,	725.0,	453.125,	1100
1885499,	64896.11282277107,	875.0,	1075.0,	654.375,	1175
1910382,	65819.20229625702,	350.0,	350.0,	593.125,	1175
1939574,	66945.14804458618,	550.0,	550.0,	693.125,	1200
1959242,	67694.49374890327,	837.5,	1100.0,	441.25,	1000
1980838,	68597.82212758064,	1100.0,	1100.0,	464.375,	1100
2007190,	69539.39155173302,	1200.0,	1200.0,	648.125,	1200
2030739,	70394.94387221336,	1075.0,	1075.0,	483.75,	1200
2053399,	71348.62690114975,	800.0,	1100.0,	454.375,	1200
2079975,	72312.60263442993,	937.5,	1100.0,	669.375,	1200
2108941,	73386.78216266632,	812.5,	1025.0,	638.75,	1100
2133791,	74251.82674121857,	900.0,	1200.0,	632.5,	1200
2160101,	75274.5529165268,	837.5,	1100.0,	623.125,	1200
2186128,	76230.1681072712,	925.0,	1175.0,	587.5,	1175
2216220,	77325.67965054512,	1075.0,	1075.0,	746.875,	1200
2243887,	78371.20227789879,	1175.0,	1175.0,	637.5,	1225
2267553,	79238.57102179527,	350.0,	575.0,	582.5,	1175
2291833,	80154.83717632294,	1175.0,	1175.0,	586.25,	1200
2317212,	81070.91453456879,	762.5,	1075.0,	568.125,	1100
2342574,	82021.14967536926,	1125.0,	1175.0,	611.25,	1175
2364032,	82773.84864592552,	837.5,	1100.0,	500.625,	1150
2385458,	83649.6784555912,	1137.5,	1200.0,	465.0,	1100
2412457,	84594.9926416874,	862.5,	1125.0,	558.75,	1175
2437196,	85510.30918598175,	1187.5,	1200.0,	568.75,	1200
