19251,	818.9661576747894,	20.0,	20.0,	62.0,	220
38360,	1450.6869821548462,	10.0,	20.0,	56.0,	340
59741,	2218.337832212448,	90.0,	100.0,	83.5,	240
81979,	3043.57506775856,	90.0,	100.0,	93.5,	360
107330,	3954.1293098926544,	180.0,	260.0,	130.0,	300
131086,	4873.273667812347,	260.0,	360.0,	114.0,	320
154843,	5726.420902252197,	80.0,	80.0,	121.0,	360
176463,	6513.97447180748,	140.0,	180.0,	98.5,	280
201621,	7465.243474006653,	70.0,	80.0,	131.0,	440
227269,	8366.182178735733,	100.0,	140.0,	140.0,	300
253149,	9319.781783103943,	240.0,	260.0,	162.5,	380
283034,	10408.814821720123,	140.0,	180.0,	193.5,	460
310751,	11433.3958735466,	300.0,	500.0,	163.5,	400
338302,	12385.246428728104,	120.0,	120.0,	172.5,	360
365520,	13363.001060247421,	150.0,	160.0,	167.5,	460
397880,	14607.441631555557,	390.0,	480.0,	224.5,	440
429033,	15706.797016859055,	240.0,	240.0,	213.0,	440
459838,	16819.698362350464,	330.0,	360.0,	201.0,	400
490755,	17969.909034967422,	200.0,	200.0,	211.0,	560
515565,	18829.170444488525,	160.0,	160.0,	145.5,	300
545733,	19894.675104379654,	230.0,	320.0,	197.0,	440
578144,	21002.012467861176,	240.0,	260.0,	233.0,	460
605461,	21971.858035564423,	240.0,	240.0,	193.5,	540
638137,	23200.649159908295,	140.0,	140.0,	209.5,	480
668201,	24285.612897872925,	110.0,	120.0,	202.5,	520
697590,	25313.15367913246,	200.0,	200.0,	209.5,	440
724299,	26311.440501451492,	240.0,	240.0,	164.5,	380
758194,	27533.24952197075,	310.0,	360.0,	240.5,	480
786895,	28646.013874292374,	100.0,	100.0,	189.0,	480
821146,	29839.54014968872,	250.0,	360.0,	230.5,	600
854262,	31082.470266819,	380.0,	420.0,	236.0,	520
889734,	32363.095927476883,	290.0,	340.0,	254.0,	620
922936,	33557.26274752617,	380.0,	380.0,	239.5,	480
959558,	34957.45652604103,	340.0,	460.0,	265.0,	620
993169,	36125.64955711365,	230.0,	280.0,	236.5,	440
1025237,	37240.37669587135,	160.0,	200.0,	235.5,	600
1056706,	38398.51090502739,	330.0,	440.0,	220.5,	500
1086367,	39448.31530880928,	230.0,	240.0,	207.5,	380
1120064,	40785.26346206665,	200.0,	200.0,	276.25,	1530
1153118,	41973.74232625961,	220.0,	220.0,	247.5,	540
1187936,	43208.58049988747,	390.0,	440.0,	252.0,	440
1221582,	44329.549595594406,	190.0,	260.0,	235.0,	420
1254767,	45536.68202519417,	360.0,	400.0,	240.5,	460
1289580,	46805.6104490757,	250.0,	360.0,	259.5,	600
1324185,	48018.89235162735,	150.0,	200.0,	260.0,	500
1362129,	49355.996710538864,	300.0,	300.0,	278.0,	460
1393651,	50512.28665018082,	240.0,	280.0,	213.5,	460
1424890,	51655.48249077797,	360.0,	420.0,	212.5,	600
1455456,	52779.870502233505,	280.0,	300.0,	200.0,	440
1486076,	53838.64886212349,	80.0,	80.0,	203.5,	320
1519863,	54986.5370528698,	90.0,	100.0,	236.0,	500
1552222,	56191.869646549225,	240.0,	340.0,	217.0,	460
1586783,	57361.02080202103,	290.0,	360.0,	239.0,	440
1619060,	58557.94783115387,	230.0,	240.0,	226.0,	400
1651187,	59697.68111085892,	220.0,	320.0,	220.0,	420
1682059,	60815.34958124161,	310.0,	320.0,	202.0,	460
1714518,	61914.1261408329,	280.0,	300.0,	232.0,	440
1746168,	63041.850378751755,	300.0,	300.0,	218.5,	480
1778133,	64233.88141322136,	310.0,	400.0,	228.5,	480
1812701,	65455.392771959305,	360.0,	360.0,	252.5,	540
1845871,	66607.14884495735,	170.0,	220.0,	227.5,	400
1879807,	67735.15225195885,	200.0,	200.0,	238.0,	460
1912388,	68906.96493005753,	180.0,	180.0,	238.0,	540
1944935,	70106.24022197723,	190.0,	240.0,	216.0,	420
1980583,	71409.6131579876,	290.0,	420.0,	265.0,	580
2016761,	72690.31232571602,	140.0,	140.0,	251.5,	540
2052136,	74059.95201945305,	300.0,	300.0,	242.0,	500
2089886,	75343.90126132965,	360.0,	360.0,	271.5,	520
2121636,	76418.09774899483,	280.0,	280.0,	212.5,	380
2160163,	77809.32608175278,	300.0,	380.0,	288.0,	620
2200465,	79366.6873178482,	350.0,	460.0,	295.5,	560
2240712,	80797.98176050186,	320.0,	360.0,	311.0,	540
2276503,	82077.960875988,	400.0,	400.0,	265.5,	560
2316481,	83504.76288580894,	370.0,	400.0,	292.5,	600
2353176,	84815.07652616501,	290.0,	380.0,	271.5,	680
2392546,	86121.58454656601,	400.0,	480.0,	298.5,	560
