15203,	1195.3890657424927,	300.0,	475.0,	201.25,	475
29229,	1730.3267288208008,	125.0,	125.0,	168.125,	525
43573,	2282.442220687866,	412.5,	425.0,	186.875,	700
58322,	2901.095497608185,	100.0,	125.0,	198.75,	625
72160,	3467.967491865158,	275.0,	425.0,	165.0,	675
86599,	4090.4548060894012,	250.0,	425.0,	198.75,	575
100719,	4653.791501522064,	275.0,	425.0,	183.125,	500
115010,	5241.08343911171,	287.5,	425.0,	196.875,	675
130024,	5851.877351760864,	75.0,	75.0,	227.5,	500
144027,	6393.391344308853,	425.0,	425.0,	193.125,	550
159292,	7073.835967540741,	75.0,	75.0,	160.625,	525
173788,	7656.550398111343,	75.0,	75.0,	225.0,	700
189527,	8319.363768100739,	100.0,	125.0,	205.625,	775
205163,	8951.577352046967,	75.0,	75.0,	218.125,	700
219102,	9485.909838199615,	125.0,	125.0,	195.625,	475
234829,	10139.771673202515,	100.0,	125.0,	189.375,	575
248905,	10685.956714630127,	100.0,	125.0,	196.25,	500
263637,	11263.87115931511,	125.0,	125.0,	196.25,	675
278706,	11817.875962257385,	450.0,	450.0,	220.0,	750
294678,	12428.896995067596,	100.0,	125.0,	203.75,	775
310361,	12928.514521121979,	100.0,	125.0,	236.25,	575
324909,	13423.33030462265,	100.0,	100.0,	212.5,	525
340676,	13948.13246178627,	112.5,	125.0,	203.75,	525
357249,	14511.389503240585,	400.0,	400.0,	246.25,	525
373143,	15148.656059503555,	400.0,	425.0,	270.625,	950
388836,	15654.113468408585,	237.5,	400.0,	225.0,	525
404380,	16158.423666000366,	75.0,	75.0,	190.625,	675
420200,	16686.71868777275,	425.0,	475.0,	210.625,	525
435557,	17210.083279132843,	125.0,	150.0,	198.75,	525
450722,	17714.714699983597,	75.0,	75.0,	154.375,	500
467239,	18264.82163786888,	237.5,	375.0,	211.875,	550
483473,	18802.65565252304,	100.0,	125.0,	238.125,	725
499822,	19378.958421230316,	250.0,	425.0,	162.5,	525
515866,	19893.405467271805,	100.0,	125.0,	200.0,	775
531167,	20426.482357025146,	450.0,	475.0,	206.875,	600
548081,	21045.644434928894,	100.0,	100.0,	202.5,	500
564065,	21612.3673787117,	300.0,	425.0,	211.875,	725
579318,	22084.433109760284,	112.5,	125.0,	175.625,	525
595443,	22625.38184070587,	162.5,	200.0,	215.0,	550
610746,	23152.23296880722,	125.0,	125.0,	152.5,	550
625536,	23623.103379011154,	137.5,	175.0,	171.875,	475
640963,	24174.19483423233,	100.0,	100.0,	196.25,	750
654566,	24606.714565992355,	87.5,	100.0,	160.0,	600
668639,	25085.540673017502,	87.5,	100.0,	128.125,	450
683549,	25675.099851369858,	100.0,	125.0,	160.625,	650
698111,	26107.915157318115,	100.0,	100.0,	178.125,	675
713087,	26598.775790452957,	87.5,	100.0,	193.125,	625
727912,	27089.684626340866,	237.5,	425.0,	151.25,	450
742654,	27578.57692217827,	75.0,	75.0,	178.75,	525
758346,	28129.41985630989,	262.5,	450.0,	172.5,	600
773808,	28659.60863184929,	75.0,	75.0,	204.375,	600
790581,	29182.791798591614,	75.0,	75.0,	237.5,	1025
806185,	29761.895297050476,	100.0,	125.0,	208.125,	675
820312,	30252.325207710266,	75.0,	75.0,	191.25,	1025
836296,	30755.2227602005,	75.0,	75.0,	221.25,	825
850664,	31192.947010993958,	100.0,	125.0,	149.375,	525
865389,	31648.97296023369,	100.0,	125.0,	169.375,	550
880033,	32102.66827750206,	75.0,	75.0,	166.25,	600
895071,	32613.907010555267,	75.0,	75.0,	156.875,	550
910284,	33109.21462512016,	100.0,	125.0,	199.375,	775
926102,	33704.96493554115,	75.0,	75.0,	181.875,	700
940937,	34241.761775016785,	75.0,	75.0,	185.625,	625
956274,	34771.29373598099,	75.0,	75.0,	185.625,	575
972345,	35317.26673293114,	75.0,	75.0,	175.0,	975
987295,	35795.324244976044,	75.0,	75.0,	203.75,	675
1002180,	36295.16958594322,	87.5,	100.0,	169.375,	500
1017680,	36833.55172944069,	75.0,	75.0,	183.125,	575
1033860,	37340.947930336,	75.0,	75.0,	185.625,	650
1050511,	37910.268901348114,	75.0,	75.0,	205.0,	675
1065462,	38360.687752485275,	75.0,	75.0,	187.5,	575
1080944,	38898.03326296806,	75.0,	75.0,	187.5,	650
1097729,	39534.18036150932,	75.0,	75.0,	239.375,	975
1113189,	40032.51937890053,	75.0,	75.0,	190.0,	925
1128805,	40551.99124622345,	75.0,	75.0,	198.125,	750
1143229,	41012.0310549736,	62.5,	75.0,	196.875,	500
1159818,	41571.640112400055,	75.0,	75.0,	228.125,	525
1177104,	42180.6109726429,	87.5,	125.0,	193.125,	550
1193127,	42723.57035732269,	162.5,	225.0,	225.0,	625
1208759,	43247.13626623154,	75.0,	75.0,	217.5,	950
1225358,	43817.16452097893,	100.0,	100.0,	205.0,	625
1240854,	44365.913454294205,	75.0,	75.0,	184.375,	575
1256268,	44858.18312430382,	75.0,	75.0,	196.875,	500
1271081,	45334.64441585541,	75.0,	75.0,	160.0,	625
1287037,	45881.23152422905,	75.0,	75.0,	195.0,	800
1301911,	46463.09246182442,	75.0,	75.0,	195.0,	1100
1317118,	46957.464057683945,	75.0,	75.0,	221.25,	1050
1332695,	47496.947734832764,	75.0,	75.0,	196.25,	525
1348270,	48059.27211380005,	100.0,	100.0,	193.75,	550
1362881,	48589.32711267471,	100.0,	100.0,	183.125,	625
1377819,	49105.18055891991,	75.0,	75.0,	195.625,	600
1392518,	49610.27495121956,	75.0,	75.0,	223.125,	750
1408095,	50179.69400858879,	75.0,	75.0,	210.625,	550
1423823,	50674.12055540085,	75.0,	75.0,	238.125,	800
1439048,	51219.2390396595,	75.0,	75.0,	212.5,	700
1455688,	51782.12621974945,	87.5,	100.0,	213.125,	625
1471216,	52345.33846735954,	75.0,	75.0,	168.75,	650
1486975,	52850.558178663254,	75.0,	75.0,	204.375,	575
1501238,	53324.6580119133,	100.0,	125.0,	175.625,	475
1516130,	53815.78833150864,	75.0,	75.0,	200.625,	650
1532522,	54361.06914591789,	262.5,	400.0,	221.25,	725
1548559,	54924.500817775726,	87.5,	100.0,	218.75,	625
1565092,	55516.74069070816,	400.0,	400.0,	234.375,	725
1580697,	56038.98143720627,	50.0,	50.0,	211.875,	575
1595581,	56667.616324424744,	375.0,	375.0,	193.125,	550
1610689,	57180.01226401329,	225.0,	375.0,	180.0,	475
1627367,	57814.16382575035,	87.5,	125.0,	188.125,	500
1641441,	58278.10856747627,	75.0,	75.0,	162.5,	600
1657124,	58926.220697164536,	87.5,	100.0,	193.75,	600
1672290,	59437.798308610916,	125.0,	125.0,	161.875,	475
1687529,	59937.336008787155,	125.0,	125.0,	163.75,	550
1702253,	60427.50656294823,	137.5,	150.0,	197.5,	800
1717403,	60955.3911383152,	125.0,	125.0,	140.625,	500
1732342,	61501.684995889664,	125.0,	125.0,	150.0,	500
1747296,	62067.559185266495,	112.5,	125.0,	159.375,	675
1762876,	62622.52135896683,	125.0,	125.0,	160.0,	650
1780073,	63215.22903418541,	125.0,	125.0,	158.125,	700
1795080,	63711.35342860222,	150.0,	150.0,	143.75,	550
1810502,	64250.72317671776,	125.0,	175.0,	191.25,	600
1825313,	64809.840661764145,	100.0,	125.0,	208.75,	525
1841491,	65498.961208343506,	150.0,	150.0,	171.25,	550
1855825,	65986.61249351501,	125.0,	125.0,	200.625,	575
1870858,	66594.41272640228,	125.0,	125.0,	173.125,	625
1887414,	67194.44053792953,	125.0,	125.0,	161.875,	450
1902518,	67733.60836625099,	112.5,	125.0,	175.0,	550
1918466,	68288.7311475277,	125.0,	125.0,	159.375,	600
1933420,	68801.3419187069,	112.5,	125.0,	148.75,	500
1949228,	69348.52587342262,	150.0,	150.0,	151.25,	500
1963502,	69925.30249524117,	125.0,	125.0,	155.625,	525
1978210,	70480.90298843384,	125.0,	125.0,	154.375,	550
1992178,	71019.26412510872,	112.5,	125.0,	163.125,	1025
2006426,	71519.25637102127,	100.0,	100.0,	195.0,	550
2021131,	72023.45532083511,	100.0,	125.0,	178.75,	675
2035996,	72515.12031579018,	137.5,	150.0,	179.375,	575
2050205,	73009.49267792702,	125.0,	125.0,	176.875,	475
2065433,	73568.9676167965,	137.5,	150.0,	201.875,	500
2080675,	74089.5761744976,	75.0,	150.0,	175.0,	575
2095075,	74603.0909435749,	62.5,	125.0,	165.0,	500
2109493,	75116.6660232544,	62.5,	125.0,	173.125,	550
2125595,	75701.6831946373,	62.5,	125.0,	235.0,	1025
2141106,	76204.55379319191,	0.0,	0.0,	254.375,	775
2156071,	76738.77624154091,	75.0,	75.0,	174.375,	725
2170865,	77242.90168571472,	125.0,	125.0,	145.0,	500
2184857,	77742.04609251022,	112.5,	125.0,	202.5,	550
2201582,	78369.96610498428,	125.0,	150.0,	246.25,	1050
2216971,	78914.55623793602,	150.0,	150.0,	168.125,	500
2231061,	79389.20955395699,	112.5,	125.0,	160.0,	500
2246668,	79953.6780667305,	0.0,	0.0,	185.0,	575
2261907,	80476.24282956123,	50.0,	100.0,	198.125,	750
2275313,	80888.91164112091,	50.0,	100.0,	161.875,	750
2290111,	81397.65396213531,	50.0,	100.0,	173.75,	575
2304294,	81857.7618265152,	0.0,	0.0,	173.125,	475
2319474,	82373.07869243622,	50.0,	100.0,	172.5,	1025
2333824,	82917.31115412712,	225.0,	225.0,	150.0,	500
2347835,	83350.78928208351,	0.0,	0.0,	150.0,	550
2362659,	83795.29497218132,	0.0,	0.0,	165.625,	575
2376834,	84278.8159840107,	0.0,	0.0,	158.75,	575
2390463,	84701.82557296753,	0.0,	0.0,	196.25,	600
2404151,	85140.73815965652,	0.0,	0.0,	171.25,	500
2418230,	85577.0993142128,	0.0,	0.0,	182.5,	575
2432154,	86028.1854429245,	175.0,	175.0,	160.0,	500
